1940   2.7   9.2  15.1  18.7  22.7  24.4  28.3  27.3  24.1  20.4  11.3   9.3   506   506   506   506   506   506   506   506   506   506   506   506 
1941   9.0   8.5  10.6  17.6  22.9  24.9  27.9  27.9  24.7  21.0  12.9   9.5   506   506   506   506   506   506   506   506   506   506   506   506 
1942   6.0   9.3  13.8  18.7  20.6  26.0  28.0  28.6  22.6  17.6  15.0   9.5   506   506   506   506   506   506   506   506   506   506   506   506 
1943   7.6  12.4  10.4  20.2  22.3  27.6  29.8  32.4  24.6  17.9  12.8   6.7   506   506   506   506   506   506   506   506   506   506   506   506 
1944   8.3  11.1  12.4  17.7  22.5  28.1  29.7  29.8  23.3  18.9  13.6   7.0   506   506   506   506   506   506   506   506   506   506   506   506 
1945   8.1  10.5  15.8  16.2  22.5  26.3  27.2  28.3  25.9  18.5  14.8   7.6   506   506   506   506   506   506   506   506   506   506   506   506 
1946   6.6  11.4  15.5  21.1  21.7  26.3  30.3  30.6  23.9  20.1  13.6  10.9   506   506   506   506   506   506   506   506   506   506   506   506 
1947   5.9   6.3  10.0  17.4  21.9  27.9  29.5  29.9  26.7  23.3  10.3   8.8   506   506   506   506   506   506   506   506   506   506   506   506 
1948   3.7   7.3  11.1  21.8  24.7  28.7  29.0  29.0  24.6  18.0  12.1  10.2   506   506   506   506   506   506   506   506   506   506   506   506 
1949   2.8   8.8  13.2  16.6  23.1  26.5  29.4  27.5  23.2  18.6  14.3   9.4   506   506   506   506   506   506   506   506   506   506   506   506 
1950   9.3  11.2  12.8  18.6  22.2  26.1  27.3  27.0  23.6  22.1  11.9   7.6   506   506   506   506   506   506   506   506   506   506   506   506 
1951   8.2   9.6  13.3  18.0  23.4  27.2  30.0  31.1  26.6  20.6  10.2   9.8   506   506   506   506   506   506   506   506   506   506   506   506 
1952  11.3  11.8  12.3  17.2  22.8  29.3  29.9  32.8  24.4  17.3  11.8   8.0   506   506   506   506   506   506   506   506   506   506   506   506 
1953  11.9   9.9  16.1  17.4  22.3  31.2  28.7  27.8  24.8  19.3  11.3   7.7   506   506   506   506   506   506   506   506   506   506   506   506 
1954   8.2  13.7  12.6  20.9  19.4  27.9  31.5  31.1  27.1  19.7  12.0   9.6   506   506   506   506   506   506   506   506   506   506   506   506 
1955   7.1   7.7  13.9  21.3  24.2  26.2  29.7  29.5  26.6  19.5  11.8   8.2   506   506   506   506   506   506   506   506   506   506   506   506 
1956   6.9   8.2  14.3  18.0  25.9  29.7  31.0  30.2  26.7  21.3  11.7  11.0   506   506   506   506   506   506   506   506   506   506   506   506 
1957   7.4  12.1  12.4  17.1  21.0  25.6  29.9  28.9  23.9  17.0   9.9  10.8   506   506   506   506   506   506   506   506   506   506   506   506 
1958   7.0   6.7   8.9  16.7  22.4  27.9  29.3  29.2  24.9  18.5  13.3   7.2   506   506   506   506   506   506   506   506   506   506   506   506 
1959   5.8   8.6  13.9  17.9  24.3  26.4  27.4  29.3  26.6  17.5   8.7  10.4   506   506   506   506   506   506   506   506   506   506   506   506 
1960   6.8   6.7   9.6  19.7  22.0  28.4  29.1  28.6  25.5  20.3  13.6   5.6   506   506   506   506   506   506   506   506   506   506   506   506 
1961   5.0   9.3  14.7  18.1  23.3  24.6  27.0  27.0  23.2  18.7  10.6   7.2   506   506   506   506   506   506   506   506   506   506   506   506 
1962   4.1  13.0  11.1  16.5  25.3  25.6  28.5  28.8  24.3  21.2  12.9   8.4   506   506   506   506   506   506   506   506   506   506   506   506 
1963   3.4   8.8  15.3  22.5  23.9  26.6  30.4  29.5  25.3  22.1  13.4   4.9   506   506   506   506   506   506   506   506   506   506   506   506 
1964   7.8   7.1  12.7  19.7  24.0  26.5  30.7  30.0  24.3  17.9  13.4   8.7   506   506   506   506   506   506   506   506   506   506   506   506 
1965   8.8   7.7   8.4  20.0  22.6  26.2  29.6  28.4  25.6  17.8  15.9  10.0   506   506   506   506   506   506   506   506   506   506   506   506 
1966   3.9   7.0  14.6  18.2  21.4  26.1  30.4  26.7  23.0  17.5  15.1   6.6   506   506   506   506   506   506   506   506   506   506   506   506 
1967   8.6   9.2  17.4  22.0  21.4  26.9  28.4  27.9  22.3  18.3  12.5   7.0   506   506   506   506   506   506   506   506   506   506   506   506 
1968   6.1   6.5  12.2  16.5  21.9  25.4  27.2  28.4  22.8  20.6  11.5   7.5   506   506   506   506   506   506   506   506   506   506   506   506 
1969   8.2   9.2   8.6  18.5  22.0  25.7  30.6  29.6  23.8  16.8  12.2   9.4   506   506   506   506   506   506   506   506   506   506   506   506 
1970   4.6   9.8  10.9  18.6  21.3  26.2  29.5  29.0  25.4  17.0  11.1  10.9   506   506   506   506   506   506   506   506   506   506   506   506 
1971   8.0   8.7  12.9  18.8  23.2  27.5  29.2  25.6  23.4  19.4  13.0   9.6   506   506   506   506   506   506   506   506   506   506   506   506 
1972   6.8   9.4  16.2  20.8  21.8  27.6  27.9  27.5  25.7  18.8   8.4   6.1   506   506   506   506   506   506   506   506   506   506   506   506 
1973   3.7   7.8  14.6  15.1  22.1  25.8  28.0  27.7  24.3  19.8  15.4   8.9   506   506   506   506   506   506   506   506   506   506   506   506 
1974   5.9  11.5  17.9  19.2  25.1  26.8  30.2  27.1  19.6  19.0  11.8   7.2   506   506   506   506   506   506   506   506   506   506   506   506 
1975   8.3   7.3  12.2  17.1  21.7  26.1  27.5  27.4  21.0  17.8  13.4   9.0   506   506   506   506   506   506   506   506   506   506   506   506 
1976   6.5  13.4  14.7  19.2  20.5  26.4  27.3  28.4  23.6  14.0   7.0   6.7   506   506   506   506   506   506   506   506   506   506   506   506 
1977   1.8  11.0  14.1  17.9  23.6  28.4  29.8  29.5  27.6  19.7  13.4   9.5   506   506   506   506   506   506   506   506   506   506   506   506 
1978   2.0   2.7  13.3  20.7  23.3  27.7  31.5  27.4  25.0  19.2  13.1   6.8   506   506   506   506   506   506   506   506   506   506   506   506 
1979   1.5   6.4  13.1  17.5  20.6  25.4  28.5  26.9  24.4  21.4  10.8   8.7   506   506   506   506   506   506   506   506   506   506   506   506 
1980   7.8   8.9  12.2  17.4  22.2  28.3  31.9  30.2  25.3  18.0  11.8  10.2   506   506   506   506   506   506   506   506   506   506   506   506 
1981   7.4  10.0  13.4  20.0  21.2  26.2  29.6  28.2  24.5  18.3  12.8   8.6   506   506   506   506   506   506   506   506   506   506   506   506 
1982   6.9   7.3  14.0  17.4  21.7  24.8  28.6  29.5  25.0  19.0  12.5   8.9   506   506   506   506   506   506   506   506   506   506   506   506 
1983   6.4   8.4  12.8  16.5  21.0  23.8  28.8  30.3  25.9  20.2  14.3   1.5   506   506   506   506   506   506   506   506   506   506   506   506 
1984   4.6  10.7  12.9  18.0  24.1  27.7  29.5  29.3  23.4  17.5  12.0  10.1   506   506   506   506   506   506   506   506   506   506   506   506 
1985   3.7   6.6  14.5  19.3  22.6  25.8  27.4  29.6  24.5  19.0  13.0   6.1   506   506   506   506   506   506   506   506   506   506   506   506 
1986   9.4  10.9  16.4  20.1  22.7  25.6  29.0  27.3  25.0  17.8  11.4   6.8   506   506   506   506   506   506   506   506   506   506   506   506 
1987   6.2   9.5  10.4  17.0  21.2  24.9  26.5  28.1  23.0  19.3  11.6   6.4   506   506   506   506   506   506   506   506   506   506   506   506 
1988   4.8   7.7  13.3  17.0  21.0  25.6  28.0  28.7  24.9  19.2  14.6   7.4   506   506   506   506   506   506   506   506   506   506   506   506 
1989   8.7   3.0  11.9  17.5  23.0  24.1  27.4  27.6  22.3  20.3  14.3   4.2   506   506   506   506   506   506   506   506   506   506   506   506 
1990  10.6  11.5  13.3  17.2  22.0  29.1  26.7  27.1  24.5  17.9  15.1   6.0   506   506   506   506   506   506   506   506   506   506   506   506 
1991   5.6  11.3  14.7  19.4  23.2  25.7  27.7  26.0  21.6  19.1  10.2   8.7   506   506   506   506   506   506   506   506   506   506   506   506 
1992   6.3  10.5  14.5  17.5  19.7  25.0  27.1  25.4  23.4  19.5  11.2   7.8   506   506   506   506   506   506   506   506   506   506   506   506 
1993   5.3   7.8  12.1  17.3  20.5  26.4  29.7  28.7  22.8  17.0   9.9   9.0   506   506   506   506   506   506   506   506   506   506   506   506 
1994   6.8   8.3  14.4  18.3  20.7  27.8  28.0  28.1  22.8  18.6  12.9   8.3   506   506   506   506   506   506   506   506   506   506   506   506 
1995   8.7   9.9  11.9  17.5  21.7  24.3  28.3  27.1  23.4  18.6  13.0   8.5   506   506   506   506   506   506   506   506   506   506   506   506 
1996   6.4  12.0  11.1  17.3  25.3  26.3  28.8  26.6  22.2  17.6  12.0   9.2   506   506   506   506   506   506   506   506   506   506   506   506 
1997   6.4   8.4  14.1  14.3  20.2  24.5  27.5  26.8  25.4  18.7  10.3   6.6   506   506   506   506   506   506   506   506   506   506   506   506 
1998   9.4   9.4  11.5  16.4  25.7  28.7  31.1  29.0  27.7  20.6  14.1   7.5   506   506   506   506   506   506   506   506   506   506   506   506 
1999   9.3  13.4  12.9  19.1  22.5  26.2  29.0  30.7  24.6  18.7  15.4   8.9   506   506   506   506   506   506   506   506   506   506   506   506 
2000   9.1  13.0  16.0  19.2  26.5  26.4  30.2  30.8  25.9  19.8   8.8   4.5   506   506   506   506   506   506   506   506   506   506   506   506 
2001   5.3   8.8  10.6  18.4  23.5  27.6  31.3  29.6  23.2  17.8  14.7   9.0   506   506   506   506   506   506   506   506   506   506   506   506 
2002   8.4   7.7  11.8  19.4  22.1  25.9  27.1  28.4  24.1  16.8  10.9   7.9   506   506   506   506   506   506   506   506   506   506   506   506 
2003   6.6   7.6  13.3  18.2  23.2  25.2  29.0  29.2  21.9  19.9  14.0   9.6   506   506   506   506   506   506   506   506   506   506   506   506 
2004   8.9   7.2  16.0  18.1  23.3  25.6  28.1  26.4  23.8  20.2  12.8   8.0   506   506   506   506   506   506   506   506   506   506   506   506 
2005   8.8   9.8  12.7  17.5  21.4  26.3  27.6  27.0  26.2  18.3  14.3   6.6   506   506   506   506   506   506   506   506   506   506   506   506 
2006  11.7   9.1  15.7  21.0  24.2  26.5  29.3  30.6  22.5  19.2  14.3   8.5   506   506   506   506   506   506   506   506   506   506   506   506 
2007   4.6   8.5  16.7  15.9  21.8  24.8  26.0  28.3  25.0  20.5  13.7   7.8   506   506   506   506   506   506   506   506   506   506   506   506 
2008   6.7  10.8  13.7  17.6  23.2  28.3  28.7  27.4  22.6  18.5  14.2   8.4   506   506   506   506   506   506   506   506   506   506   506   506 
2009   7.6  12.9  15.5  17.9  22.4  28.0  29.1  29.0  22.7  15.9  14.3   5.3   506   506   506   506   506   506   506   506   506   506   506   506 
2010   6.0   5.1  12.7  18.0  22.3  28.5  27.7  30.0  25.4  18.8  13.6   8.9   506   506   506   506   506   506   506   506   506   506   506   506 
2011   5.6   9.1  16.2  21.5  25.0  30.8  32.0  32.5  24.5  18.6  13.1   6.7   506   506   506   506   506   506   506   506   506   506   506   506 
2012   9.7  10.0  15.9  21.5  24.4  27.4  29.3  29.0  24.6  18.1  14.6   8.8   506   506   506   506   506   506   506   506   506   506   506   506 
2013   8.4   9.3  13.4  15.6  22.8  27.4  27.6  28.2  25.4  18.3  11.1   6.4   506   506   506   506   506   506   506   506   506   506   506   506 
2014   6.1   7.1  11.9  18.5  22.4  26.1  27.7  28.3  24.5  21.2  10.4   9.8   506   506   506   506   506   506   506   506   506   506   506   506 
2015   6.0   9.0  12.7  18.6  21.1  25.6  28.0  28.5  26.1  20.2  13.2  10.3   506   506   506   506   506   506   506   506   506   506   506   506 
2016   7.5  12.1  15.7  17.9  21.1  25.7  29.8  27.6  24.7  21.8  17.2   7.9   506   506   506   506   506   506   506   506   506   506   506   506 
2017   8.3  13.9  17.2  18.6 -99.0 -99.0 -99.0 -99.0 -99.0 -99.0 -99.0 -99.0   506   506   506   506   -99   -99   -99   -99   -99   -99   -99   -99 
