1940 -10.2  -5.2  -3.6   3.8  13.1  17.4  20.2  18.3  13.7   6.9   1.8  -1.3   506   506   506   506   506   506   506   506   506   506   506   506 
1941  -6.0  -6.1  -4.0   9.3  13.1  18.4  20.8  17.5  16.6  10.8   4.8  -1.0   506   506   506   506   506   506   506   506   506   506   506   506 
1942  -5.3  -7.4   2.3   9.8  15.2  18.3  19.9  18.7  15.6  10.3   3.3  -5.4   506   506   506   506   506   506   506   506   506   506   506   506 
1943  -6.2  -4.1   0.4   3.1  13.2  20.8  20.7  19.3  14.2   7.7   0.8  -5.0   506   506   506   506   506   506   506   506   506   506   506   506 
1944  -2.8  -4.7  -1.7   3.8  17.1  19.0  20.3  20.9  15.7   8.6   3.9  -5.7   506   506   506   506   506   506   506   506   506   506   506   506 
1945  -9.9  -4.3   6.1   9.6  10.6  17.0  20.2  19.3  17.1   8.9   3.6  -5.9   506   506   506   506   506   506   506   506   506   506   506   506 
1946  -3.5  -4.6   6.3   6.1  12.6  17.1  19.4  16.7  16.3  12.5   5.3  -0.9   506   506   506   506   506   506   506   506   506   506   506   506 
1947  -1.8  -7.1  -2.2   6.5  12.6  17.5  19.7  21.8  16.4  13.8   1.7  -3.5   506   506   506   506   506   506   506   506   506   506   506   506 
1948  -9.5  -5.6   1.0   8.7  11.8  17.4  20.5  19.4  17.0   8.7   6.5  -1.8   506   506   506   506   506   506   506   506   506   506   506   506 
1949  -0.6  -0.5   1.0   6.5  13.8  20.1  22.2  20.0  13.4  12.3   1.9  -0.7   506   506   506   506   506   506   506   506   506   506   506   506 
1950   1.2  -4.8  -3.2   4.0  13.6  17.2  18.8  18.9  14.0  11.1   3.5  -4.4   506   506   506   506   506   506   506   506   506   506   506   506 
1951  -2.9  -3.2   0.8   6.5  13.1  17.3  19.9  18.4  15.0  11.2  -0.5  -2.0   506   506   506   506   506   506   506   506   506   506   506   506 
1952  -3.3  -3.5  -0.2   8.8  11.0  18.5  21.8  18.9  16.0   7.4   4.7  -1.0   506   506   506   506   506   506   506   506   506   506   506   506 
1953  -1.5  -2.1   1.7   5.9  14.1  18.3  19.7  18.6  15.3  10.2   4.3   0.1   506   506   506   506   506   506   506   506   506   506   506   506 
1954  -5.6  -1.0  -0.5   9.3  10.8  18.1  19.0  18.0  16.0  11.2   3.4  -3.6   506   506   506   506   506   506   506   506   506   506   506   506 
1955  -5.9  -3.8   1.5   9.4  14.4  16.7  22.2  21.2  14.5  11.0   1.4  -6.0   506   506   506   506   506   506   506   506   506   506   506   506 
1956  -6.3  -4.0  -2.1   4.8  10.8  17.7  18.6  18.3  13.7  10.6   3.8  -0.3   506   506   506   506   506   506   506   506   506   506   506   506 
1957  -8.0  -1.8   0.5   7.7  12.1  19.0  19.2  18.1  15.4   8.7   3.9  -0.1   506   506   506   506   506   506   506   506   506   506   506   506 
1958  -5.0  -8.0  -0.4   7.4  11.8  14.9  20.1  17.9  14.7   9.5   4.1  -7.9   506   506   506   506   506   506   506   506   506   506   506   506 
1959  -6.8  -5.5  -1.2   7.1  14.1  17.5  20.3  21.4  17.4  10.3   2.2  -1.0   506   506   506   506   506   506   506   506   506   506   506   506 
1960  -3.8  -3.3  -5.7   9.1  13.0  16.9  18.3  19.4  16.5   9.2   5.2  -6.0   506   506   506   506   506   506   506   506   506   506   506   506 
1961  -7.9  -3.1   1.7   4.2  11.5  17.5  19.7  19.4  18.6  11.0   3.8  -2.5   506   506   506   506   506   506   506   506   506   506   506   506 
1962  -5.7  -5.7  -0.7   6.2  15.3  17.5  18.4  18.1  13.0  10.2   1.7  -5.7   506   506   506   506   506   506   506   506   506   506   506   506 
1963  -7.4  -8.4   1.4   7.0  11.6  18.0  19.5  17.0  12.1  11.9   5.0  -6.9   506   506   506   506   506   506   506   506   506   506   506   506 
1964  -3.8  -6.5   0.0   6.6  14.4  17.2  21.0  16.6  14.0   7.5   5.2  -1.9   506   506   506   506   506   506   506   506   506   506   506   506 
1965  -6.9  -4.7  -1.9   4.0  15.2  16.3  18.4  18.5  16.1   7.7   2.8  -0.7   506   506   506   506   506   506   506   506   506   506   506   506 
1966  -7.4  -4.4   1.2   4.9  10.5  17.8  20.3  19.4  12.9   7.8   4.3  -2.5   506   506   506   506   506   506   506   506   506   506   506   506 
1967  -2.0  -6.4  -0.8   6.7   8.1  19.5  18.8  17.5  13.4   9.0   0.4  -1.6   506   506   506   506   506   506   506   506   506   506   506   506 
1968  -7.5  -7.7   1.7   8.8  10.3  17.4  20.0  19.2  15.8   9.7   3.1  -4.1   506   506   506   506   506   506   506   506   506   506   506   506 
1969  -4.9  -5.2  -1.4   7.7  12.9  17.1  19.7  19.0  14.8   9.0   2.8  -5.6   506   506   506   506   506   506   506   506   506   506   506   506 
1970  -9.4  -5.2  -2.0   7.4  14.2  16.8  19.9  19.3  16.5  10.8   3.9  -3.5   506   506   506   506   506   506   506   506   506   506   506   506 
1971  -8.0  -4.2  -2.3   4.9  11.2  18.4  18.6  18.7  17.5  12.8   2.5  -0.2   506   506   506   506   506   506   506   506   506   506   506   506 
1972  -4.5  -7.1  -2.2   3.9  13.2  15.3  19.5  18.3  15.9   6.4   1.1  -1.1   506   506   506   506   506   506   506   506   506   506   506   506 
1973  -3.4  -6.5   4.6   7.1  11.0  19.1  20.5  20.6  15.1  10.7   3.9  -2.3   506   506   506   506   506   506   506   506   506   506   506   506 
1974  -3.4  -6.3   0.6   8.0  11.5  16.3  19.8  19.2  13.3   7.5   3.6  -2.3   506   506   506   506   506   506   506   506   506   506   506   506 
1975  -2.9  -3.3  -1.3   2.7  15.2  17.9  20.4  19.1  13.2  10.8   6.4  -3.3   506   506   506   506   506   506   506   506   506   506   506   506 
1976  -8.0  -0.8   3.1   7.1  11.2  18.5  18.3  18.0  13.9   5.8  -1.1  -6.4   506   506   506   506   506   506   506   506   506   506   506   506 
1977 -12.2  -4.9   3.8   7.6  14.5  15.6  20.2  18.3  15.6   8.1   4.4  -4.0   506   506   506   506   506   506   506   506   506   506   506   506 
1978  -7.8  -9.5  -2.2   5.1  12.9  16.9  18.9  19.9  15.3   8.7   3.6  -2.8   506   506   506   506   506   506   506   506   506   506   506   506 
1979  -7.2 -10.6   2.6   5.6  12.2  16.5  19.2  18.1  14.6   8.8   4.6  -0.3   506   506   506   506   506   506   506   506   506   506   506   506 
1980  -5.4  -7.7  -0.9   6.4  13.1  15.5  20.3  20.6  16.1   7.4   1.4  -5.3   506   506   506   506   506   506   506   506   506   506   506   506 
1981  -8.4  -1.1  -0.3   7.8  12.3  17.9  19.5  18.6  14.1   7.8   2.5  -3.9   506   506   506   506   506   506   506   506   506   506   506   506 
1982  -9.6  -5.1  -0.1   4.8  13.9  15.5  19.4  16.7  14.9   9.3   4.5   1.2   506   506   506   506   506   506   506   506   506   506   506   506 
1983  -4.5  -2.6   1.9   4.8  10.4  17.1  20.3  19.8  15.4   9.3   2.9  -6.0   506   506   506   506   506   506   506   506   506   506   506   506 
1984  -8.2  -0.3  -4.1   6.1   9.8  17.5  18.5  19.5  13.6  11.6   2.1   0.9   506   506   506   506   506   506   506   506   506   506   506   506 
1985  -8.0  -4.9   1.1   8.7  13.0  14.5  18.4  18.1  15.7   9.8   4.8  -5.3   506   506   506   506   506   506   506   506   506   506   506   506 
1986  -4.9  -5.3   1.7   7.6  14.1  16.8  19.3  17.5  14.8   9.2   1.2  -1.5   506   506   506   506   506   506   506   506   506   506   506   506 
1987  -5.8  -6.0   1.9   8.1  13.1  17.7  20.5  17.6  15.2   6.9   3.9  -1.0   506   506   506   506   506   506   506   506   506   506   506   506 
1988  -6.2  -5.4   0.8   6.1  13.1  15.7  21.5  20.2  14.1   6.2   4.3  -3.1   506   506   506   506   506   506   506   506   506   506   506   506 
1989  -2.2  -6.4  -0.2   4.0  11.7  17.6  20.4  18.3  14.2   9.5   2.4  -9.9   506   506   506   506   506   506   506   506   506   506   506   506 
1990  -0.1  -1.2   3.1   7.4  11.1  18.5  19.4  18.0  13.5  11.2   3.8   0.4   506   506   506   506   506   506   506   506   506   506   506   506 
1991  -5.0  -1.4   2.2   9.0  16.6  18.4  20.0  18.9  14.3   9.7   2.6  -2.3   506   506   506   506   506   506   506   506   506   506   506   506 
1997  -5.4  -1.4   0.1   5.5   9.0  18.1  18.6  16.9  13.6   8.2   1.0  -2.6   506   506   506   506   506   506   506   506   506   506   506   506 
1998  -0.5   0.8   2.3   7.7  15.5  16.8  18.7  19.3  15.6   8.8   4.1   0.4   506   506   506   506   506   506   506   506   506   506   506   506 
1999  -5.2  -1.7  -0.9   7.0  14.3  18.7  21.7  17.8  15.4   8.3   4.4  -1.5   506   506   506   506   506   506   506   506   506   506   506   506 
2000  -5.6  -1.2   3.3   6.7  14.3  17.8  18.3  17.8  14.5   8.8   2.0  -8.0   506   506   506   506   506   506   506   506   506   506   506   506 
2001  -3.6  -3.2  -1.7   7.8  12.8  18.0  18.2  20.1  13.6   9.6   7.0   0.0   506   506   506   506   506   506   506   506   506   506   506   506 
2002  -0.8  -0.7   0.8   7.7  10.7  18.2  20.5  19.1  16.2   7.2   1.5  -3.9   506   506   506   506   506   506   506   506   506   506   506   506 
2004 -10.0  -4.6   2.4   7.4  15.0  15.7  18.5  17.5  15.3   8.7   2.6  -2.3   506   506   506   506   506   506   506   506   506   506   506   506 
2005  -6.5  -4.1  -1.6   6.4   9.5  20.0  21.5  20.4  15.4   8.8   4.4  -4.8   506   506   506   506   506   506   506   506   506   506   506   506 
2007  -4.0  -8.6   1.0   5.0  13.6  18.5  18.1  19.1  15.7  12.1   1.6  -2.5   506   506   506   506   506   506   506   506   506   506   506   506 
2008  -3.8  -4.5  -1.2   9.0  10.4  18.9  19.8  17.4  15.7   6.9   1.2  -3.5   506   506   506   506   506   506   506   506   506   506   506   506 
2009  -9.2  -4.2   1.6   7.8  12.8  16.6  17.2  18.7  14.0   6.9   4.4  -4.3   506   506   506   506   506   506   506   506   506   506   506   506 
2010  -6.1  -4.6   3.4   9.8  14.4  18.6  20.7  19.4  15.2   8.7   3.2  -5.5   506   506   506   506   506   506   506   506   506   506   506   506 
2013  -3.0  -4.4  -1.4   6.7  13.1  16.8  19.9  17.1  13.1  10.2   1.1  -2.5   506   506   506   506   506   506   506   506   506   506   506   506 
2014  -8.6  -8.0  -4.3   6.3  13.0  16.6  17.8  16.6  14.6  10.1   0.9  -0.7   506   506   506   506   506   506   506   506   506   506   506   506 
2015  -8.2 -11.8  -3.1   6.5  15.5  16.4  18.4  17.6  17.0   8.8   5.9   4.5   506   506   506   506   506   506   506   506   506   506   506   506 
2016  -5.1  -2.5   3.5   5.0  12.1  16.7  20.0  20.9  16.1  10.5   5.2  -2.2   506   506   506   506   506   506   506   506   506   506   506   506 
2017  -1.6   0.9  -1.1   8.7 -99.0 -99.0 -99.0 -99.0 -99.0 -99.0 -99.0 -99.0   506   506   506   506   -99   -99   -99   -99   -99   -99   -99   -99 
