1940  -9.5  -5.7  -4.2   4.1  12.6  17.5  20.7  19.1  14.5   7.1   2.5  -1.5   506   506   506   506   506   506   506   506   506   506   506   506 
1941  -5.6  -5.9  -4.3   9.4  13.8  19.6  22.0  18.4  16.7  10.3   5.0  -0.7   506   506   506   506   506   506   506   506   506   506   506   506 
1942  -4.9  -8.0   1.0   9.5  14.3  18.9  20.7  19.6  16.1  10.6   3.4  -5.1   506   506   506   506   506   506   506   506   506   506   506   506 
1943  -7.0  -3.8  -1.0   2.6  12.0  20.4  20.9  19.3  14.5   7.8   1.9  -4.1   506   506   506   506   506   506   506   506   506   506   506   506 
1944  -2.4  -4.8  -2.3   3.7  15.9  18.1  20.8  20.9  15.5   8.9   4.2  -5.0   506   506   506   506   506   506   506   506   506   506   506   506 
1945  -9.9  -4.4   6.1   9.2   9.3  16.7  19.4  19.3  16.7   8.7   4.2  -5.8   506   506   506   506   506   506   506   506   506   506   506   506 
1946  -3.5  -5.4   6.1   6.3  11.9  17.0  19.7  17.5  16.3  12.5   5.3  -1.6   506   506   506   506   506   506   506   506   506   506   506   506 
1947  -2.1  -6.6  -2.0   5.9  11.5  17.8  19.9  22.3  16.4  14.0   2.0  -3.7   506   506   506   506   506   506   506   506   506   506   506   506 
1948  -8.3  -5.3   0.5   8.5  11.2  17.3  20.6  19.7  16.5   8.8   7.2  -0.8   506   506   506   506   506   506   506   506   506   506   506   506 
1949  -1.3  -1.1   0.2   7.2  13.8  21.5  22.1  20.9  13.7  12.6   2.1  -0.5   506   506   506   506   506   506   506   506   506   506   506   506 
1950   0.5  -5.1  -3.0   3.5  12.9  17.5  19.8  19.0  14.5  11.3   3.1  -3.8   506   506   506   506   506   506   506   506   506   506   506   506 
1951  -2.8  -3.4   1.2   6.5  13.5  18.1  20.4  19.0  15.2  11.5   0.3  -1.7   506   506   506   506   506   506   506   506   506   506   506   506 
1952  -2.9  -2.6   0.1   8.4  11.5  19.1  22.9  20.1  16.5   7.2   5.1  -0.3   506   506   506   506   506   506   506   506   506   506   506   506 
1953  -1.7  -1.6   1.8   5.9  12.9  18.8  21.1  19.6  16.1  10.7   5.9   0.3   506   506   506   506   506   506   506   506   506   506   506   506 
1954  -5.7  -0.2  -0.2   7.8  11.6  19.3  20.2  18.3  15.3  10.9   3.9  -3.3   506   506   506   506   506   506   506   506   506   506   506   506 
1955  -5.9  -3.9   0.4  10.1  14.9  18.4  23.8  22.3  15.6  10.8   2.5  -5.3   506   506   506   506   506   506   506   506   506   506   506   506 
1956  -6.0  -3.3  -2.1   5.2  10.9  18.2  19.1  19.1  14.0  11.9   4.3  -0.2   506   506   506   506   506   506   506   506   506   506   506   506 
1957  -7.8  -1.7   1.0   8.3  12.0  19.8  20.2  18.8  15.8   9.1   4.0   0.3   506   506   506   506   506   506   506   506   506   506   506   506 
1958  -5.1  -7.7   0.2   8.1  12.2  15.5  20.7  19.1  15.3  10.0   4.5  -7.1   506   506   506   506   506   506   506   506   506   506   506   506 
1959  -7.1  -5.6  -1.8   7.2  14.5  18.6  21.5  22.7  18.4  10.4   2.4  -1.0   506   506   506   506   506   506   506   506   506   506   506   506 
1960  -4.7  -3.7  -6.0   8.2  13.7  17.5  19.7  19.3  17.4   9.8   5.5  -5.6   506   506   506   506   506   506   506   506   506   506   506   506 
1961  -8.1  -3.3   0.8   4.3  11.5  17.3  20.4  19.9  19.1  11.7   4.0  -2.2   506   506   506   506   506   506   506   506   506   506   506   506 
1962  -6.2  -6.2  -0.2   5.7  16.1  18.0  19.2  19.3  14.1  10.7   1.6  -4.4   506   506   506   506   506   506   506   506   506   506   506   506 
1963  -7.7  -8.2   1.1   7.2  11.9  19.3  20.5  17.6  13.2  13.3   5.7  -6.4   506   506   506   506   506   506   506   506   506   506   506   506 
1964  -3.3  -5.7   0.7   7.4  14.6  18.2  22.0  17.4  14.7   8.4   4.8  -2.2   506   506   506   506   506   506   506   506   506   506   506   506 
1965  -6.6  -4.5  -2.5   3.7  15.3  16.7  18.4  19.0  17.0   8.6   3.4  -0.4   506   506   506   506   506   506   506   506   506   506   506   506 
1966  -6.9  -4.1   2.2   5.2  11.0  19.1  21.0  19.7  14.0   9.1   5.3  -2.3   506   506   506   506   506   506   506   506   506   506   506   506 
1967  -1.8  -6.5  -0.1   7.6   8.8  20.8  19.7  18.5  14.6  10.4   1.2  -0.8   506   506   506   506   506   506   506   506   506   506   506   506 
1968  -7.9  -8.4   1.4   9.2  10.7  17.4  20.6  19.5  17.0  11.0   3.4  -3.9   506   506   506   506   506   506   506   506   506   506   506   506 
1969  -4.2  -5.1  -1.2   8.2  12.5  17.7  20.9  20.8  15.8   9.5   3.1  -5.3   506   506   506   506   506   506   506   506   506   506   506   506 
1970  -9.3  -5.5  -1.8   7.3  14.2  18.3  20.8  20.1  16.5  11.4   5.0  -3.5   506   506   506   506   506   506   506   506   506   506   506   506 
1971  -7.5  -4.3  -2.2   4.5  12.0  19.1  19.9  19.3  17.8  13.8   2.8  -0.1   506   506   506   506   506   506   506   506   506   506   506   506 
1972  -4.9  -6.4  -2.5   4.0  14.3  16.5  21.1  19.2  16.7   7.5   1.7  -1.2   506   506   506   506   506   506   506   506   506   506   506   506 
1973  -2.9  -6.1   5.3   7.6  12.0  20.1  21.5  21.6  15.8  11.7   4.3  -1.7   506   506   506   506   506   506   506   506   506   506   506   506 
1974  -3.6  -6.4   0.4   8.5  11.8  17.7  20.8  20.3  14.0   8.3   4.0  -1.1   506   506   506   506   506   506   506   506   506   506   506   506 
1975  -2.1  -3.0  -0.8   2.8  16.3  18.8  21.5  19.8  13.6  11.3   7.5  -2.5   506   506   506   506   506   506   506   506   506   506   506   506 
1976  -7.7  -0.7   3.0   7.6  11.4  19.6  19.3  18.8  14.8   7.0   0.1  -6.3   506   506   506   506   506   506   506   506   506   506   506   506 
1977 -11.4  -5.0   3.9   8.1  15.2  17.2  21.6  19.1  15.8   8.8   5.0  -3.7   506   506   506   506   506   506   506   506   506   506   506   506 
1978  -7.8 -10.4  -2.9   5.1  13.2  18.2  20.6  20.5  15.5   9.2   3.9  -2.3   506   506   506   506   506   506   506   506   506   506   506   506 
1979  -7.0 -11.3   3.1   5.9  12.9  18.4  20.9  19.0  15.8   9.3   5.3  -0.2   506   506   506   506   506   506   506   506   506   506   506   506 
1980  -5.0  -7.4  -0.9   7.0  13.5  16.0  20.9  21.2  15.7   7.7   2.1  -5.2   506   506   506   506   506   506   506   506   506   506   506   506 
1981  -9.1  -1.3   0.0   8.2  12.8  18.8  21.1  19.8  15.0   7.6   3.7  -2.5   506   506   506   506   506   506   506   506   506   506   506   506 
1982  -8.8  -5.7  -0.5   5.2  15.3  16.3  20.9  17.7  15.4  10.6   5.2   2.2   506   506   506   506   506   506   506   506   506   506   506   506 
1983  -3.5  -2.4   2.4   5.9  11.4  18.9  22.3  20.9  17.0  10.4   4.2  -5.2   506   506   506   506   506   506   506   506   506   506   506   506 
1984  -7.4   0.1  -4.5   7.0  10.9  19.4  20.1  20.8  14.7  12.0   3.7   1.4   506   506   506   506   506   506   506   506   506   506   506   506 
1985  -7.2  -5.1   1.5   9.2  14.2  16.2  20.3  19.9  16.8  10.6   4.8  -5.0   506   506   506   506   506   506   506   506   506   506   506   506 
1986  -4.7  -5.7   2.5   8.4  14.5  17.5  20.8  18.8  15.3   9.7   2.6  -1.3   506   506   506   506   506   506   506   506   506   506   506   506 
1987  -4.8  -6.5   2.4   9.3  15.1  20.0  22.5  19.5  15.9   7.5   4.4  -0.3   506   506   506   506   506   506   506   506   506   506   506   506 
1988  -4.7  -5.4   1.2   6.5  14.4  17.9  22.8  21.5  15.4   6.8   4.7  -2.2   506   506   506   506   506   506   506   506   506   506   506   506 
1989  -1.6  -6.8  -0.4   4.6  12.3  18.7  21.6  18.6  15.7  10.3   2.7  -9.7   506   506   506   506   506   506   506   506   506   506   506   506 
1990   0.2  -2.5   2.0   8.8  11.9  19.0  21.1  19.9  15.7  10.3   5.1   0.0   506   506   506   506   506   506   506   506   506   506   506   506 
1991  -5.0  -1.8   2.1   8.8  16.5  19.5  21.4  21.0  15.8  11.1   3.0  -0.9   506   506   506   506   506   506   506   506   506   506   506   506 
1992  -4.4  -3.8  -1.4   5.8  13.2  16.9  18.6  18.3  15.8   8.0   3.1  -1.6   506   506   506   506   506   506   506   506   506   506   506   506 
1993  -3.4  -8.6  -2.4   7.8  13.4  18.3  22.2  21.0  14.4   8.9   3.0  -2.7   506   506   506   506   506   506   506   506   506   506   506   506 
1994 -10.0  -7.7  -0.8   8.2  11.3  19.6  22.2  19.0  15.4   9.7   6.0   0.5   506   506   506   506   506   506   506   506   506   506   506   506 
1995  -3.6  -7.6   3.0   5.0  12.9  19.9  22.3  21.6  14.9  11.5   0.9  -4.5   506   506   506   506   506   506   506   506   506   506   506   506 
1996  -6.0  -5.3  -1.9   5.6  12.2  19.6  20.3  20.9  16.3  10.4   0.7   0.4   506   506   506   506   506   506   506   506   506   506   506   506 
1997  -5.5  -1.6   0.4   5.5   9.7  19.4  20.4  18.9  15.4   9.5   1.9  -1.0   506   506   506   506   506   506   506   506   506   506   506   506 
1998  -1.3  -0.4   2.8   8.1  16.5  18.8  20.7  20.7  17.3  10.8   4.4   1.8   506   506   506   506   506   506   506   506   506   506   506   506 
1999  -6.0  -1.6  -1.4   7.2  15.0  20.3  23.2  19.5  16.4   9.6   6.8  -1.0   506   506   506   506   506   506   506   506   506   506   506   506 
2000  -5.4  -2.1   4.6   6.5  14.3  18.3  19.2  19.3  15.9  11.1   3.0  -6.1   506   506   506   506   506   506   506   506   506   506   506   506 
2001  -3.4  -2.6  -1.9   8.6  14.9  19.1  20.2  22.2  16.1  11.1   8.3   2.3   506   506   506   506   506   506   506   506   506   506   506   506 
2002  -0.4  -1.4   0.9   8.4  11.3  19.0  22.6  21.5  18.4   8.7   2.7  -3.4   506   506   506   506   506   506   506   506   506   506   506   506 
2003  -8.3  -7.5   1.3   5.1  12.7  17.9  18.0  21.0  15.8   8.5   4.9  -0.2   506   506   506   506   506   506   506   506   506   506   506   506 
2004  -9.8  -4.5   2.7   6.2  14.6  17.4  20.4  19.3  17.8  10.5   5.2  -2.6   506   506   506   506   506   506   506   506   506   506   506   506 
2005  -5.8  -3.9  -1.8   8.0  11.4  21.5  22.8  21.8  17.9  10.3   6.0  -4.8   506   506   506   506   506   506   506   506   506   506   506   506 
2006   0.4  -4.2   0.7   8.0  14.1  18.9  22.6  20.2  15.0   8.6   5.9   2.3   506   506   506   506   506   506   506   506   506   506   506   506 
2008  -2.3  -4.6  -1.0  10.6  11.7  20.1  21.8  19.3  16.6   8.8   3.4  -2.0   506   506   506   506   506   506   506   506   506   506   506   506 
2009  -7.8  -3.3   1.7   8.0  14.1  17.3  20.9  21.0  15.9   8.3   6.2  -2.5   506   506   506   506   506   506   506   506   506   506   506   506 
2010  -5.4  -5.2   3.6  11.2  15.5  19.4  22.8  21.3  16.4  10.2   3.9  -4.4   506   506   506   506   506   506   506   506   506   506   506   506 
2011  -6.9  -4.6   0.3   6.6  14.5  19.6  23.6  20.8  17.4  10.2   7.4   1.6   506   506   506   506   506   506   506   506   506   506   506   506 
2012  -1.5  -1.3   8.4   6.6  16.7  19.4  23.3  21.1  16.8  11.2   3.0   1.0   506   506   506   506   506   506   506   506   506   506   506   506 
2013  -2.5  -4.5  -0.5   7.0  15.8  18.4  22.3  20.1  15.9  11.1   2.2  -2.6   506   506   506   506   506   506   506   506   506   506   506   506 
2014  -7.2  -7.7  -3.0   6.9  14.6  19.9  20.0  19.8  16.7  11.2   2.5  -0.4   506   506   506   506   506   506   506   506   506   506   506   506 
2015  -7.9 -12.2  -2.1   8.0  16.9  18.4  21.1  20.1  19.2   9.9   7.4   5.2   506   506   506   506   506   506   506   506   506   506   506   506 
2016  -3.1  -2.0   4.2   5.4  14.1  19.3  23.2  23.3  18.7  11.6   6.6  -1.3   506   506   506   506   506   506   506   506   506   506   506   506 
2017  -2.5   0.4   0.3   9.1 -99.0 -99.0 -99.0 -99.0 -99.0 -99.0 -99.0 -99.0   506   506   506   506   -99   -99   -99   -99   -99   -99   -99   -99 
