1951  -1.9  -1.7   1.8   8.2  13.9  17.5  20.8  19.1  15.3  10.8   0.3  -2.5   506   506   506   506   506   506   506   506   506   506   506   506 
1952  -3.6  -3.3  -0.7   8.7  11.2  18.9  22.5  19.6  16.3   7.4   4.4  -1.6   506   506   506   506   506   506   506   506   506   506   506   506 
1953  -1.9  -2.3   1.1   5.7  14.2  18.8  21.0  20.0  16.3  11.1   5.2   0.1   506   506   506   506   506   506   506   506   506   506   506   506 
1954  -6.6  -0.5  -1.1   8.6  12.0  18.7  20.0  18.6  15.5  11.5   3.0  -3.6   506   506   506   506   506   506   506   506   506   506   506   506 
1955  -6.7  -4.3   0.0   9.3  14.6  18.2  23.9  22.2  15.3  10.9   1.6  -6.6   506   506   506   506   506   506   506   506   506   506   506   506 
1956  -5.9  -3.7  -2.7   5.0  10.7  18.6  18.8  19.2  13.5  10.4   3.6  -0.3   506   506   506   506   506   506   506   506   506   506   506   506 
1957  -7.9  -2.6   0.6   7.7  12.5  20.1  19.9  18.3  16.1   8.5   4.2  -0.5   506   506   506   506   506   506   506   506   506   506   506   506 
1958  -5.5  -8.4  -1.0   7.0  11.0  14.8  20.2  19.8  15.3   9.0   4.1  -6.9   506   506   506   506   506   506   506   506   506   506   506   506 
1959  -5.9  -5.0  -0.7   8.1  15.0  18.5  21.8  22.0  18.0  10.6   2.3  -0.9   506   506   506   506   506   506   506   506   506   506   506   506 
1960  -3.5  -3.3  -5.2   9.0  13.7  18.0  19.3  20.0  16.7   9.2   4.9  -6.0   506   506   506   506   506   506   506   506   506   506   506   506 
1961  -8.3  -3.4   0.1   4.5  11.4  18.2  20.3  19.5  19.0  11.9   3.1  -3.7   506   506   506   506   506   506   506   506   506   506   506   506 
1962  -6.6  -7.2  -0.4   7.0  15.2  18.2  19.0  19.5  14.0   9.7   1.7  -5.6   506   506   506   506   506   506   506   506   506   506   506   506 
1963  -7.0  -8.4   2.0   7.7  12.1  18.7  20.0  17.7  12.9  13.1   5.2  -6.6   506   506   506   506   506   506   506   506   506   506   506   506 
1964  -4.0  -6.4   0.7   6.3  14.9  17.0  21.5  18.5  16.3   9.1   6.1  -2.2   506   506   506   506   506   506   506   506   506   506   506   506 
1965  -6.7  -5.1  -1.8   4.7  15.1  17.3  19.3  19.3  16.0   8.3   2.8  -0.8   506   506   506   506   506   506   506   506   506   506   506   506 
1966  -7.2  -5.1   0.7   5.4  10.4  18.9  21.8  20.8  13.8   8.4   5.1  -3.0   506   506   506   506   506   506   506   506   506   506   506   506 
1967  -1.6  -7.5  -1.4   6.5   8.7  20.2  20.0  19.1  15.1   9.3   0.6  -1.7   506   506   506   506   506   506   506   506   506   506   506   506 
1968  -8.2  -8.1   1.4   9.2  10.8  17.2  20.9  19.5  16.6  10.0   2.7  -4.6   506   506   506   506   506   506   506   506   506   506   506   506 
1969  -5.5  -4.9  -1.1   8.4  13.5  17.7  19.5  19.8  15.7   8.9   3.3  -4.7   506   506   506   506   506   506   506   506   506   506   506   506 
1970  -8.5  -3.8  -1.7   7.3  14.0  17.2  20.0  19.6  15.9  10.5   4.1  -4.3   506   506   506   506   506   506   506   506   506   506   506   506 
1971  -9.0  -4.6  -2.0   4.9  12.4  19.1  18.9  17.9  17.2  13.0   2.1  -0.6   506   506   506   506   506   506   506   506   506   506   506   506 
1972  -4.0  -6.3  -2.1   4.7  15.0  16.8  22.0  18.9  15.5   6.1   0.9  -1.4   506   506   506   506   506   506   506   506   506   506   506   506 
1973  -3.4  -6.6   4.5   7.5  10.9  19.1  21.3  21.0  15.4  11.5   4.4  -1.6   506   506   506   506   506   506   506   506   506   506   506   506 
1974  -2.6  -5.4   0.1   9.3  11.5  17.4  21.0  20.5  13.9   7.2   3.0  -2.2   506   506   506   506   506   506   506   506   506   506   506   506 
1975  -3.9  -4.1  -2.6   2.8  16.7  19.2  22.7  19.8  13.7  10.9   7.1  -3.1   506   506   506   506   506   506   506   506   506   506   506   506 
1976  -8.4  -0.9   2.0   8.4  11.6  19.5  18.8  18.7  14.1   6.5  -0.5  -6.5   506   506   506   506   506   506   506   506   506   506   506   506 
1977 -11.0  -4.3   3.4   8.6  15.1  16.6  21.1  19.2  15.8   8.2   4.6  -4.1   506   506   506   506   506   506   506   506   506   506   506   506 
1978  -7.1  -9.4  -2.4   5.3  14.8  17.7  20.3  20.9  14.7   8.7   4.1  -2.2   506   506   506   506   506   506   506   506   506   506   506   506 
1979  -6.0 -10.2   3.3   5.9  12.8  16.8  20.6  18.8  14.9   9.0   5.6  -0.5   506   506   506   506   506   506   506   506   506   506   506   506 
1980  -5.0  -6.7  -0.7   7.9  14.6  16.0  20.6  21.4  16.3   7.2   1.0  -5.8   506   506   506   506   506   506   506   506   506   506   506   506 
1981  -9.1  -0.6  -0.1   8.3  13.7  18.1  20.4  19.6  14.3   7.7   3.1  -3.4   506   506   506   506   506   506   506   506   506   506   506   506 
1982  -9.8  -4.6  -0.2   5.4  15.1  16.4  20.8  17.6  15.8  10.0   5.3   1.0   506   506   506   506   506   506   506   506   506   506   506   506 
1983  -4.4  -2.6   1.8   5.9  11.5  19.0  22.0  21.3  17.3  10.0   4.0  -4.9   506   506   506   506   506   506   506   506   506   506   506   506 
1984  -7.2   0.3  -3.7   7.0  11.4  18.8  19.8  20.8  14.2  11.9   3.2   0.9   506   506   506   506   506   506   506   506   506   506   506   506 
1985  -7.6  -3.6   1.5   9.2  14.6  15.9  20.1  19.4  15.9   9.7   4.1  -5.7   506   506   506   506   506   506   506   506   506   506   506   506 
1986  -5.5  -6.1   1.8   8.2  15.2  16.5  19.9  18.6  15.7   9.3   1.5  -0.8   506   506   506   506   506   506   506   506   506   506   506   506 
1987  -5.9  -6.2   2.6   8.8  13.6  19.0  21.5  18.5  15.2   7.7   3.6  -0.7   506   506   506   506   506   506   506   506   506   506   506   506 
1988  -7.1  -4.9   0.7   6.3  14.1  17.2  22.1  21.0  14.0   6.1   4.5  -3.8   506   506   506   506   506   506   506   506   506   506   506   506 
1989  -2.7  -5.6  -0.1   5.3  13.0  18.4  20.4  18.7  15.1  10.2   2.0 -10.0   506   506   506   506   506   506   506   506   506   506   506   506 
1990  -0.3  -1.9   2.6   8.5  11.5  18.0  20.0  19.1  14.4  10.9   4.8   0.0   506   506   506   506   506   506   506   506   506   506   506   506 
1991  -4.8  -2.0   2.2   9.5  16.5  19.2  21.2  20.7  15.0  10.8   4.0  -1.0   506   506   506   506   506   506   506   506   506   506   506   506 
1992  -3.5  -3.2  -1.1   6.3  13.0  17.1  18.7  17.8  14.7   6.8   2.7  -2.2   506   506   506   506   506   506   506   506   506   506   506   506 
1993  -3.6  -7.8  -2.0   7.1  13.8  17.2  21.0  20.2  14.1   7.9   2.8  -3.7   506   506   506   506   506   506   506   506   506   506   506   506 
1994 -10.2  -6.7  -0.7   8.3  11.7  19.2  21.6  18.2  14.7   9.3   5.6   0.2   506   506   506   506   506   506   506   506   506   506   506   506 
1995  -1.9  -6.2   2.5   5.2  13.1  19.5  22.3  22.0  14.7  12.1   0.0  -5.9   506   506   506   506   506   506   506   506   506   506   506   506 
1996  -6.6  -5.3  -2.0   5.2  11.4  18.7  18.7  19.5  15.3   9.1   0.5  -0.5   506   506   506   506   506   506   506   506   506   506   506   506 
1997  -6.2  -2.0  -0.1   5.5  10.0  18.2  19.6  18.3  14.3   8.6   1.1  -2.2   506   506   506   506   506   506   506   506   506   506   506   506 
1998  -0.7  -0.5   2.4   7.9  16.2  17.2  19.8  20.4  17.1   9.5   4.0   0.6   506   506   506   506   506   506   506   506   506   506   506   506 
1999  -5.2  -2.3  -0.9   7.2  15.0  19.0  22.0  18.7  16.8   8.4   4.9  -1.4   506   506   506   506   506   506   506   506   506   506   506   506 
2000  -6.6  -2.8   4.1   6.2  14.0  17.8  18.1  18.3  14.3   9.8   2.0  -6.9   506   506   506   506   506   506   506   506   506   506   506   506 
2001  -4.4  -3.4  -2.1   7.7  13.8  18.3  18.6  21.5  14.6  10.0   6.8   0.9   506   506   506   506   506   506   506   506   506   506   506   506 
2002  -1.1  -0.9   1.2   7.9  10.9  18.3  21.2  21.5  17.2   7.5   2.0  -3.9   506   506   506   506   506   506   506   506   506   506   506   506 
2003  -9.0  -7.0   0.1   5.7  12.1  17.0  20.0  20.5  15.2   7.8   5.1  -2.1   506   506   506   506   506   506   506   506   506   506   506   506 
2004 -10.3  -4.6   1.9   7.2  15.3  16.9  19.3  19.0  16.5   9.3   3.9  -2.8   506   506   506   506   506   506   506   506   506   506   506   506 
2005  -6.8  -3.1  -1.7   8.9  11.1  20.8  22.1  22.2  17.5   9.9   5.1  -4.6   506   506   506   506   506   506   506   506   506   506   506   506 
2006  -0.7  -3.9   0.3   8.2  13.5  17.7  21.8  19.6  14.3   8.7   6.1   1.8   506   506   506   506   506   506   506   506   506   506   506   506 
2007  -2.8  -7.6   0.4   5.7  14.7  19.4  19.8  20.6  17.7  13.8   3.1  -2.6   506   506   506   506   506   506   506   506   506   506   506   506 
2008  -2.7  -4.3  -0.2   9.9  11.5  19.6  21.0  18.4  16.3   8.7   2.6  -2.7   506   506   506   506   506   506   506   506   506   506   506   506 
2009  -8.5  -3.3   1.7   8.8  13.5  17.2  18.6  20.2  14.8   8.5   6.0  -3.4   506   506   506   506   506   506   506   506   506   506   506   506 
2010  -5.4  -4.3   4.5  10.7  15.4  18.7  22.4  20.7  16.5   9.4   4.0  -5.0   506   506   506   506   506   506   506   506   506   506   506   506 
