1940  -8.3  -4.7  -3.4   4.6  12.2  17.9  21.6  20.9  16.1   9.0   3.5   0.0   506   506   506   506   506   506   506   506   506   506   506   506 
1941  -4.6  -5.2  -3.1   9.7  13.6  20.2  22.9  20.1  18.6  11.2   5.9   0.6   506   506   506   506   506   506   506   506   506   506   506   506 
1942  -4.5  -6.7   2.0   9.2  14.7  19.3  20.7  20.0  16.4  11.4   4.5  -3.8   506   506   506   506   506   506   506   506   506   506   506   506 
1943  -5.7  -3.3  -0.5   3.0  12.2  20.3  21.9  20.3  15.9   9.0   2.9  -3.1   506   506   506   506   506   506   506   506   506   506   506   506 
1944  -1.3  -4.0  -0.9   4.9  17.3  19.4  22.3  22.0  17.3  10.1   5.4  -3.8   506   506   506   506   506   506   506   506   506   506   506   506 
1945  -8.9  -3.3   6.7   9.7  10.3  17.6  21.1  21.2  17.7   9.8   4.9  -4.9   506   506   506   506   506   506   506   506   506   506   506   506 
1946  -2.9  -4.2   6.7   6.8  12.7  17.7  21.7  18.7  17.9  13.6   6.7  -0.4   506   506   506   506   506   506   506   506   506   506   506   506 
1947  -1.4  -5.9  -1.4   6.2  11.5  18.7  20.2  23.9  17.6  15.3   3.2  -2.2   506   506   506   506   506   506   506   506   506   506   506   506 
1948  -7.6  -3.9   1.4   9.1  11.7  18.3  22.1  21.1  18.1   9.6   8.3   0.1   506   506   506   506   506   506   506   506   506   506   506   506 
1949  -0.6  -0.3   0.8   7.4  14.1  22.2  23.4  21.9  14.8  13.8   3.2   0.6   506   506   506   506   506   506   506   506   506   506   506   506 
1950   1.2  -4.1  -2.2   4.3  13.9  18.2  20.4  20.2  15.8  12.5   3.7  -2.9   506   506   506   506   506   506   506   506   506   506   506   506 
1951  -2.1  -2.7   1.7   7.1  13.9  18.9  21.1  20.1  16.1  12.4   1.1  -0.9   506   506   506   506   506   506   506   506   506   506   506   506 
1952  -2.1  -1.7   0.7   8.8  12.0  19.5  23.3  21.0  17.2   7.9   5.9   0.6   506   506   506   506   506   506   506   506   506   506   506   506 
1953  -0.5  -0.9   2.4   6.5  13.4  19.6  21.9  21.2  17.1  12.3   6.5   1.3   506   506   506   506   506   506   506   506   506   506   506   506 
1954  -4.9   0.4   0.3   8.4  12.3  20.0  20.8  19.2  16.6  12.0   5.2  -2.0   506   506   506   506   506   506   506   506   506   506   506   506 
1955  -4.2  -2.5   0.9  10.4  15.1  19.2  24.3  23.1  16.5  12.1   3.6  -4.0   506   506   506   506   506   506   506   506   506   506   506   506 
1956  -4.3  -2.2  -1.0   6.0  11.5  18.9  20.4  20.4  14.8  12.8   5.4   1.1   506   506   506   506   506   506   506   506   506   506   506   506 
1957  -6.5  -0.8   2.0   9.2  12.5  20.5  20.8  19.4  16.7   9.9   4.8   1.4   506   506   506   506   506   506   506   506   506   506   506   506 
1958  -4.0  -6.6   1.3   8.8  12.1  16.5  21.7  20.3  16.6  11.1   5.3  -5.6   506   506   506   506   506   506   506   506   506   506   506   506 
1959  -5.6  -4.5  -0.7   7.6  15.5  19.2  22.5  23.6  19.2  11.3   3.5   0.0   506   506   506   506   506   506   506   506   506   506   506   506 
1960  -3.2  -2.8  -4.5   9.0  14.3  18.6  20.5  20.4  18.2  10.6   6.2  -5.6   506   506   506   506   506   506   506   506   506   506   506   506 
1961  -7.3  -2.9   1.4   4.5  11.9  17.7  21.2  21.1  20.5  12.7   5.1  -1.1   506   506   506   506   506   506   506   506   506   506   506   506 
1962  -5.1  -5.8   0.4   7.4  16.2  18.5  20.3  20.2  14.9  11.0   3.0  -3.7   506   506   506   506   506   506   506   506   506   506   506   506 
1963  -7.1  -7.1   2.1   7.0  11.8  19.5  21.4  18.1  14.1  13.8   6.3  -4.9   506   506   506   506   506   506   506   506   506   506   506   506 
1964  -1.7  -4.9   1.0   8.1  15.0  18.6  22.7  18.1  15.9   8.8   5.5  -1.5   506   506   506   506   506   506   506   506   506   506   506   506 
1965  -4.8  -3.6  -1.3   5.0  15.2  17.8  19.6  19.8  17.4   8.7   4.3   1.1   506   506   506   506   506   506   506   506   506   506   506   506 
1966  -6.6  -4.1   1.4   6.1  11.1  19.5  21.8  20.2  14.7   9.2   5.1  -2.1   506   506   506   506   506   506   506   506   506   506   506   506 
1967  -1.4  -6.5  -0.7   7.7   9.9  22.3  21.6  19.9  15.8  10.9   2.3   0.4   506   506   506   506   506   506   506   506   506   506   506   506 
1968  -6.9  -6.5   1.9   9.4  11.8  18.1  21.7  20.6  18.8  11.8   4.7  -3.1   506   506   506   506   506   506   506   506   506   506   506   506 
1969  -4.0  -4.2  -0.8   8.1  12.3  17.8  21.2  21.6  16.6  10.4   3.8  -4.2   506   506   506   506   506   506   506   506   506   506   506   506 
1970  -8.1  -4.2  -1.2   8.1  13.9  18.7  21.5  21.0  17.6  12.4   5.2  -2.7   506   506   506   506   506   506   506   506   506   506   506   506 
1971  -6.3  -3.0  -1.4   5.3  12.4  19.6  20.3  19.7  18.4  14.7   3.8   0.7   506   506   506   506   506   506   506   506   506   506   506   506 
1972  -3.8  -5.7  -1.2   4.9  14.9  16.9  21.5  19.7  17.0   7.8   2.1  -0.8   506   506   506   506   506   506   506   506   506   506   506   506 
1973  -2.6  -5.2   5.6   8.1  12.3  19.9  22.2  21.9  16.3  12.3   4.8  -1.8   506   506   506   506   506   506   506   506   506   506   506   506 
1974  -2.9  -5.5   0.4   7.7  11.6  18.5  20.9  20.9  15.2   9.4   4.4  -0.3   506   506   506   506   506   506   506   506   506   506   506   506 
1975  -1.2  -1.8  -0.8   3.9  16.6  19.8  22.3  20.8  14.5  11.5   8.1  -2.2   506   506   506   506   506   506   506   506   506   506   506   506 
1976  -7.0  -0.3   2.8   7.9  11.8  20.1  19.8  19.6  15.5   7.8   1.0  -5.7   506   506   506   506   506   506   506   506   506   506   506   506 
1977 -10.2  -4.2   4.2   8.2  15.6  17.9  22.1  19.9  16.8   9.6   6.1  -2.4   506   506   506   506   506   506   506   506   506   506   506   506 
1978  -6.6  -9.3  -2.2   5.7  14.0  18.3  21.2  21.1  15.9   9.6   4.5  -1.0   506   506   506   506   506   506   506   506   506   506   506   506 
1979  -6.5  -9.7   3.2   6.6  13.5  18.9  21.5  19.4  16.3  10.1   6.1   0.5   506   506   506   506   506   506   506   506   506   506   506   506 
1980  -3.7  -6.3  -0.4   7.6  14.2  16.3  21.7  22.3  16.6   9.0   3.8  -4.0   506   506   506   506   506   506   506   506   506   506   506   506 
1981  -7.4   0.2   0.8   8.2  13.3  18.7  21.8  20.8  15.7   8.7   4.4  -2.0   506   506   506   506   506   506   506   506   506   506   506   506 
1982  -8.5  -5.2   0.0   5.0  15.8  16.5  21.8  18.1  16.2  11.1   5.8   2.7   506   506   506   506   506   506   506   506   506   506   506   506 
1983  -3.1  -1.7   2.3   6.2  11.9  19.5  23.2  21.5  17.3  10.7   4.6  -5.5   506   506   506   506   506   506   506   506   506   506   506   506 
1984  -6.8   0.7  -3.0   8.4  11.3  19.6  21.0  21.0  14.4  11.5   3.6   1.7   506   506   506   506   506   506   506   506   506   506   506   506 
1985  -6.3  -4.3   1.7   9.4  15.0  16.8  20.7  20.4  17.6  11.1   5.2  -3.9   506   506   506   506   506   506   506   506   506   506   506   506 
1986  -3.9  -4.5   2.0   8.5  15.1  17.6  21.4  19.6  16.3  10.2   2.9  -0.1   506   506   506   506   506   506   506   506   506   506   506   506 
1987  -3.6  -4.2   2.9   9.7  15.5  20.2  23.1  20.2  17.2   8.5   5.5   1.0   506   506   506   506   506   506   506   506   506   506   506   506 
1988  -3.3  -4.6   1.5   7.5  15.1  17.5  23.5  22.2  16.5   8.0   5.8  -1.4   506   506   506   506   506   506   506   506   506   506   506   506 
1989  -0.7  -5.5   0.3   5.2  12.5  18.6  21.6  20.0  15.7  10.6   3.0  -8.4   506   506   506   506   506   506   506   506   506   506   506   506 
1990   0.5  -1.8   2.4   8.8  12.4  19.0  21.6  21.0  16.2  11.1   6.0   1.1   506   506   506   506   506   506   506   506   506   506   506   506 
1991  -3.6  -1.0   2.9  10.0  17.6  20.3  21.9  21.4  16.4  11.4   3.8  -0.7   506   506   506   506   506   506   506   506   506   506   506   506 
1992  -3.0  -2.7  -0.5   6.3  13.8  17.2  19.0  18.8  16.2   8.5   4.3  -0.4   506   506   506   506   506   506   506   506   506   506   506   506 
1993  -1.7  -6.6  -1.0   8.2  13.6  18.6  22.7  21.9  14.9   9.3   4.0  -1.6   506   506   506   506   506   506   506   506   506   506   506   506 
1994  -8.5  -5.4   0.5   8.7  12.3  20.3  22.7  19.7  16.3  10.9   7.0   0.8   506   506   506   506   506   506   506   506   506   506   506   506 
1995  -1.1  -5.7   3.3   5.5  13.6  20.6  22.7  22.6  15.4  12.0   2.1  -3.9   506   506   506   506   506   506   506   506   506   506   506   506 
1996  -5.0  -4.6  -1.5   6.0  12.6  19.8  20.8  21.6  16.9  10.6   1.8   0.9   506   506   506   506   506   506   506   506   506   506   506   506 
1997  -4.5  -1.1   0.6   5.7  10.3  19.3  20.3  19.3  15.8  10.2   3.1  -0.1   506   506   506   506   506   506   506   506   506   506   506   506 
1998  -0.5   1.2   2.5   8.2  17.1  18.5  20.9  21.8  17.6  11.4   5.6   1.8   506   506   506   506   506   506   506   506   506   506   506   506 
1999  -4.7  -0.6  -0.6   7.8  15.4  20.2  23.5  20.0  17.9  10.1   6.6   0.0   506   506   506   506   506   506   506   506   506   506   506   506 
2000  -4.7  -1.2   4.4   6.8  14.1  18.3  19.8  20.0  16.2  11.3   3.8  -5.5   506   506   506   506   506   506   506   506   506   506   506   506 
2001  -2.8  -2.1  -0.5   8.5  14.9  19.4  21.0  22.8  17.0  11.6   8.3   2.2   506   506   506   506   506   506   506   506   506   506   506   506 
2002  -0.2  -0.4   1.2   7.9  11.0  19.4  23.0  22.0  19.4   9.6   4.1  -2.0   506   506   506   506   506   506   506   506   506   506   506   506 
2003  -7.2  -6.2   0.8   6.1  13.0  17.5  20.9  21.6  17.1   9.3   6.2   0.6   506   506   506   506   506   506   506   506   506   506   506   506 
2004  -8.1  -3.6   2.8   7.8  14.6  17.5  20.6  19.6  18.4  10.9   5.7  -1.3   506   506   506   506   506   506   506   506   506   506   506   506 
2005  -4.6  -3.7  -1.5   8.3  11.9  22.1  23.9  22.6  18.9  11.5   6.3  -2.7   506   506   506   506   506   506   506   506   506   506   506   506 
2006   1.6  -2.3   1.8   8.9  15.5  20.2  23.2  20.9  15.9   9.5   7.0   2.9   506   506   506   506   506   506   506   506   506   506   506   506 
2007  -1.8  -7.5   1.7   5.8  15.1  20.8  21.0  22.4  18.9  14.9   3.9  -1.5   506   506   506   506   506   506   506   506   506   506   506   506 
2008  -1.3  -3.8  -0.3  10.5  11.9  19.9  21.9  20.3  17.9   9.8   4.4  -1.4   506   506   506   506   506   506   506   506   506   506   506   506 
2009  -7.5  -2.7   1.9   8.2  14.0  18.0  19.4  21.2  16.9   9.2   6.7  -1.9   506   506   506   506   506   506   506   506   506   506   506   506 
2010  -4.9  -4.1   3.4  10.6  15.7  19.5  23.0  22.1  17.0  10.5   5.3  -3.2   506   506   506   506   506   506   506   506   506   506   506   506 