1940 -13.5  -9.4  -6.2   3.6  13.4  16.9  20.2  18.9  14.4   5.9   0.7  -6.1   506   506   506   506   506   506   506   506   506   506   506   506 
1941 -11.4  -7.9  -5.7   8.2  13.3  19.3  21.5  17.5  15.2   8.1   3.0  -4.4   506   506   506   506   506   506   506   506   506   506   506   506 
1942  -9.6  -9.8   0.9   7.7  14.5  18.6  20.1  18.7  14.7   9.6   1.7  -8.6   506   506   506   506   506   506   506   506   506   506   506   506 
1943 -13.4  -7.8  -3.3   1.9  12.4  19.0  21.2  18.5  13.4   8.0   0.9  -8.4   506   506   506   506   506   506   506   506   506   506   506   506 
1944  -5.8  -8.2  -4.2   3.4  16.3  18.1  21.6  21.6  15.0   7.5   2.0  -8.7   506   506   506   506   506   506   506   506   506   506   506   506 
1945 -14.5  -7.2   4.2   9.0   9.9  17.4  19.8  19.4  15.5   7.7   1.8  -8.6   506   506   506   506   506   506   506   506   506   506   506   506 
1946  -8.3 -11.3   4.3   5.2  11.1  16.7  19.6  17.5  16.2  10.6   3.2  -4.9   506   506   506   506   506   506   506   506   506   506   506   506 
1947  -7.6  -9.6  -2.3   4.2  10.6  17.4  20.5  21.5  15.1  12.7   0.5  -8.1   506   506   506   506   506   506   506   506   506   506   506   506 
1948 -11.8  -9.9  -2.3   6.5  11.5  16.7  20.8  20.1  15.9   7.3   6.2  -2.6   506   506   506   506   506   506   506   506   506   506   506   506 
1949  -5.3  -5.0  -2.1   6.5  12.9  20.7  21.4  20.8  13.8  11.4  -0.8  -3.3   506   506   506   506   506   506   506   506   506   506   506   506 
1950  -4.1  -9.6  -5.6   3.9  12.6  17.7  20.2  18.5  12.7   9.7   3.3  -6.0   506   506   506   506   506   506   506   506   506   506   506   506 
1951  -7.0  -7.6  -0.6   6.3  12.9  17.3  20.5  18.2  14.8   9.6  -1.1  -5.3   506   506   506   506   506   506   506   506   506   506   506   506 
1952  -7.2  -5.0  -1.9   7.9  10.8  18.1  22.3  19.7  15.9   6.4   4.0  -3.2   506   506   506   506   506   506   506   506   506   506   506   506 
1953  -5.7  -4.4   0.8   5.6  13.8  18.5  20.7  19.1  15.0   9.6   5.1  -1.3   506   506   506   506   506   506   506   506   506   506   506   506 
1954 -11.8  -3.5  -1.8   6.7  11.9  18.4  18.7  17.6  13.7  10.1   2.7  -6.3   506   506   506   506   506   506   506   506   506   506   506   506 
1955 -10.3  -7.3  -2.7   8.5  14.3  19.2  23.2  21.7  14.3  10.1   1.7  -9.2   506   506   506   506   506   506   506   506   506   506   506   506 
1956  -7.9  -6.5  -4.9   4.1   9.7  17.6  18.2  18.8  12.5   9.5   2.9  -4.4   506   506   506   506   506   506   506   506   506   506   506   506 
1957 -11.8  -4.9  -0.8   7.0  11.2  19.3  19.6  17.6  15.4   8.2   3.8  -1.9   506   506   506   506   506   506   506   506   506   506   506   506 
1958  -7.3 -11.0  -0.4   7.1  10.2  15.1  19.8  18.7  14.6   8.0   3.4 -10.9   506   506   506   506   506   506   506   506   506   506   506   506 
1962  -8.4 -10.7  -0.5   5.7  13.7  17.4  17.9  18.6  13.4   8.2   0.0  -6.4   506   506   506   506   506   506   506   506   506   506   506   506 
1963  -8.9 -11.5  -2.0   5.6  11.4  18.2  20.5  17.3  11.9  11.8   5.3 -11.5   506   506   506   506   506   506   506   506   506   506   506   506 
1964  -5.5  -7.2  -0.5   6.0  13.8  16.4  21.5  16.8  14.1   7.3   2.7  -4.7   506   506   506   506   506   506   506   506   506   506   506   506 
1965 -10.5  -7.1  -3.1   3.2  13.5  16.4  17.9  18.8  15.0   7.4   1.2  -2.2   506   506   506   506   506   506   506   506   506   506   506   506 
1966  -9.6  -7.8  -0.4   5.2  10.4  17.6  20.0  19.0  13.1   8.0   4.6  -4.9   506   506   506   506   506   506   506   506   506   506   506   506 
1967  -4.0 -11.8  -3.6   5.4   8.1  19.5  20.3  19.0  13.5   8.8   0.7  -3.2   506   506   506   506   506   506   506   506   506   506   506   506 
1968 -13.0 -10.5  -0.3   8.4  10.8  16.2  20.0  17.1  16.4  10.0   0.6  -8.7   506   506   506   506   506   506   506   506   506   506   506   506 
1969  -8.4  -6.2  -3.4   5.6  10.5  16.9  19.5  19.9  14.7   7.9   2.9  -8.3   506   506   506   506   506   506   506   506   506   506   506   506 
1970 -15.2  -8.0  -3.2   6.0  12.4  17.0  20.5  19.2  15.2  10.0   3.8 -10.5   506   506   506   506   506   506   506   506   506   506   506   506 
1971 -12.5  -6.9  -4.5   3.0  12.3  17.1  19.0  18.4  17.1  11.6   1.0  -4.8   506   506   506   506   506   506   506   506   506   506   506   506 
1972  -6.5 -10.5  -4.9   1.1  13.3  16.6  19.9  17.6  15.2   5.7   0.1  -6.4   506   506   506   506   506   506   506   506   506   506   506   506 
1973  -5.7  -9.9   3.3   6.2  11.8  18.8  20.3  21.7  14.5   9.3   1.9  -5.2   506   506   506   506   506   506   506   506   506   506   506   506 
1974  -8.1  -9.3  -3.2   5.8  10.3  17.2  19.7  19.1  13.2   4.9   1.7  -2.5   506   506   506   506   506   506   506   506   506   506   506   506 
1975  -5.7  -6.9  -3.7   1.6  15.8  17.7  21.3  19.8  13.5   9.4   5.1  -8.2   506   506   506   506   506   506   506   506   506   506   506   506 
1976 -12.9  -4.2  -0.8   7.2  11.0  18.6  18.8  17.9  13.3   5.3   0.0  -9.8   506   506   506   506   506   506   506   506   506   506   506   506 
1977 -12.8  -6.6   2.4   6.3  13.7  15.9  19.9  18.7  14.2   6.9   3.4  -6.3   506   506   506   506   506   506   506   506   506   506   506   506 
1978 -10.5 -12.2  -4.7   3.2  14.0  17.2  20.2  19.1  11.9   6.7   1.3  -5.1   506   506   506   506   506   506   506   506   506   506   506   506 
1979  -8.6 -14.9   1.0   6.8  13.4  16.9  20.8  17.7  14.1   8.3   5.5  -3.2   506   506   506   506   506   506   506   506   506   506   506   506 
1980  -7.2  -9.4  -2.2   6.6  12.5  15.5  20.4  20.1  13.8   6.1   0.0 -10.5   506   506   506   506   506   506   506   506   506   506   506   506 
1981 -14.1  -0.4  -0.3   7.8  12.4  17.6  20.3  18.3  14.0   5.4   1.9  -3.4   506   506   506   506   506   506   506   506   506   506   506   506 
1982 -13.3  -8.3  -2.2   4.7  13.9  16.2  19.7  16.9  14.5   8.8   4.1   0.2   506   506   506   506   506   506   506   506   506   506   506   506 
1983  -6.8  -5.8   0.6   4.6  11.1  17.5  20.8  19.2  16.6   8.1   1.9  -7.4   506   506   506   506   506   506   506   506   506   506   506   506 
1984 -10.1  -2.6  -7.1   7.0  11.3  17.7  20.5  20.5  13.2   9.2   2.4  -1.5   506   506   506   506   506   506   506   506   506   506   506   506 
1985 -11.8  -6.8  -0.7   5.9  12.8  15.1  19.7  18.2  15.5   8.9   1.5  -7.0   506   506   506   506   506   506   506   506   506   506   506   506 
1986  -7.8 -10.0  -0.1   8.3  13.7  15.9  19.4  17.6  13.4   7.8   1.0  -3.7   506   506   506   506   506   506   506   506   506   506   506   506 
1987  -7.9 -10.8   0.4   8.7  12.1  18.2  21.4  18.1  14.4   7.2   1.3  -2.2   506   506   506   506   506   506   506   506   506   506   506   506 
1988  -7.1  -7.5  -2.3   5.8  13.4  15.9  21.2  20.4  13.9   6.3   3.5  -5.6   506   506   506   506   506   506   506   506   506   506   506   506 
1989  -5.4  -8.3  -4.1   3.5  13.3  18.3  20.4  18.3  14.8   8.6   1.6 -16.9   506   506   506   506   506   506   506   506   506   506   506   506 
1990  -2.5  -5.4  -0.8   6.9  10.8  17.7  19.7  19.6  13.7   8.7   3.8  -2.0   506   506   506   506   506   506   506   506   506   506   506   506 
1991  -8.9  -4.1   0.2   8.1  15.0  18.2  20.1  19.9  12.7   9.4   1.5  -5.4   506   506   506   506   506   506   506   506   506   506   506   506 
1992  -8.8  -8.2  -5.9   4.9  12.6  16.2  17.4  17.8  14.4   5.5   1.5  -4.0   506   506   506   506   506   506   506   506   506   506   506   506 
1993  -7.7 -14.1  -3.9   4.9  12.8  16.7  21.0  19.9  13.8   6.1   1.4  -5.9   506   506   506   506   506   506   506   506   506   506   506   506 
1994 -16.5 -10.9  -3.0   5.8  10.9  18.6  21.5  18.0  14.1   8.2   4.4  -3.2   506   506   506   506   506   506   506   506   506   506   506   506 
1995  -4.7  -9.2   0.4   3.4  12.4  19.1  21.2  19.1  12.2  10.8  -0.1  -8.2   506   506   506   506   506   506   506   506   506   506   506   506 
1996  -9.1  -6.9  -3.4   4.3  11.5  18.3  19.3  19.2  15.8   7.8  -0.7   0.1   506   506   506   506   506   506   506   506   506   506   506   506 
1997  -9.5  -5.4  -3.5   4.0  10.0  18.7  19.5  17.8  13.7   7.2   1.5  -4.1   506   506   506   506   506   506   506   506   506   506   506   506 
1998  -6.8  -3.4   0.3   7.9  16.1  18.1  20.1  19.6  15.1   8.8   3.1  -0.5   506   506   506   506   506   506   506   506   506   506   506   506 
1999  -9.4  -4.0  -2.8   6.1  14.5  19.8  21.5  17.7  16.9   7.0   5.9  -3.2   506   506   506   506   506   506   506   506   506   506   506   506 
2000  -9.0  -5.8   2.4   4.7  13.4  16.9  18.6  19.0  13.8   8.7   1.5  -8.8   506   506   506   506   506   506   506   506   506   506   506   506 
2001  -7.8  -6.5  -3.3   6.5  14.6  18.4  19.4  21.7  15.9  10.6   5.6   0.1   506   506   506   506   506   506   506   506   506   506   506   506 
2002  -2.6  -3.6  -0.7   7.2  10.8  17.1  21.4  20.7  17.8   7.2   1.2  -4.6   506   506   506   506   506   506   506   506   506   506   506   506 
2003 -12.3 -10.2  -2.1   3.9  12.3  17.3  20.7  20.7  16.1   7.7   4.4  -3.9   506   506   506   506   506   506   506   506   506   506   506   506 
2004 -13.6  -8.0   0.8   6.0  13.8  16.7  20.1  18.4  16.0   8.5   3.1  -5.2   506   506   506   506   506   506   506   506   506   506   506   506 
2005  -9.2  -6.4  -3.3   7.0  10.4  22.0  21.7  20.4  17.2   9.6   5.2  -5.9   506   506   506   506   506   506   506   506   506   506   506   506 
2006  -3.1  -5.5  -1.6   7.3  13.9  17.8  22.1  19.2  14.5   7.8   5.0   0.9   506   506   506   506   506   506   506   506   506   506   506   506 
2007  -7.8 -10.2  -2.6   5.6  12.4  18.8  19.1  19.8  16.5  11.3   1.3  -5.7   506   506   506   506   506   506   506   506   506   506   506   506 
2008  -4.3  -6.7  -3.3   9.2  11.1  19.3  20.4  18.2  15.1   7.6   2.3  -4.3   506   506   506   506   506   506   506   506   506   506   506   506 
2009 -12.1  -5.1  -0.4   6.6  12.5  16.5  18.9  19.3  13.9   6.6   4.4  -5.0   506   506   506   506   506   506   506   506   506   506   506   506 
2010  -6.7  -5.4   2.6   9.3  15.0  17.9  22.1  20.2  15.8   8.1   2.8  -5.8   506   506   506   506   506   506   506   506   506   506   506   506 
2011  -8.1  -7.3  -1.4   7.2  14.1  18.7  21.5  19.9  16.8  10.8   6.0  -1.4   506   506   506   506   506   506   506   506   506   506   506   506 
2012  -5.3  -2.3   5.9   5.6  15.6  18.6  21.0  21.0  15.5  10.5   1.6  -1.9   506   506   506   506   506   506   506   506   506   506   506   506 
2013  -5.7  -6.8  -1.0   7.0  14.3  17.4  20.8  19.0  13.7  10.4   0.5  -6.8   506   506   506   506   506   506   506   506   506   506   506   506 
2014  -8.6  -7.9  -6.8   6.2  13.6  19.0  19.1  18.5  15.5  10.7   1.7  -2.4   506   506   506   506   506   506   506   506   506   506   506   506 
2015 -11.4 -15.5  -4.2   6.0  15.9  17.4  20.1  19.8  18.3   6.7   6.0   3.2   506   506   506   506   506   506   506   506   506   506   506   506 
2016  -5.6  -5.9   0.4   4.7  14.0  18.1  21.5  22.0  16.7  10.0   3.6  -3.2   506   506   506   506   506   506   506   506   506   506   506   506 
2017  -2.9  -2.5  -3.8   7.2 -99.0 -99.0 -99.0 -99.0 -99.0 -99.0 -99.0 -99.0   506   506   506   506   -99   -99   -99   -99   -99   -99   -99   -99 
