1943  -6.8  -4.1  -0.7   2.5  12.6  20.6  21.6  18.9  14.3   8.1   1.2  -5.1   506   506   506   506   506   506   506   506   506   506   506   506 
1944  -2.8  -4.4  -2.2   4.4  15.8  18.4  20.8  20.6  16.0   8.2   3.6  -5.3   506   506   506   506   506   506   506   506   506   506   506   506 
1945  -9.2  -4.0   6.4   9.4  10.6  16.9  20.5  19.5  17.5   9.1   4.3  -5.5   506   506   506   506   506   506   506   506   506   506   506   506 
1946  -3.4  -4.2   6.3   6.1  12.0  16.6  19.9  17.4  16.3  12.2   6.0  -1.4   506   506   506   506   506   506   506   506   506   506   506   506 
1948  -8.6  -6.3   0.4   8.7  11.3  17.2  20.6  19.5  16.0   8.5   6.9  -2.3   506   506   506   506   506   506   506   506   506   506   506   506 
1949  -1.9  -2.0   1.4   6.8  13.9  21.1  23.2  20.7  14.2  12.7   2.9  -0.7   506   506   506   506   506   506   506   506   506   506   506   506 
1950   1.0  -4.3  -3.3   4.9  13.4  17.0  19.5  19.8  14.6  11.3   4.4  -4.6   506   506   506   506   506   506   506   506   506   506   506   506 
1951  -2.7  -2.9   1.2   7.0  13.2  17.1  20.6  18.6  15.4  10.7   0.8  -2.1   506   506   506   506   506   506   506   506   506   506   506   506 
1952  -3.0  -2.9   0.0   8.7  11.0  18.5  22.3  19.6  16.3   7.3   4.5  -0.9   506   506   506   506   506   506   506   506   506   506   506   506 
1953  -1.6  -1.4   1.3   6.5  14.8  18.5  21.1  19.6  16.2  10.6   5.6   1.1   506   506   506   506   506   506   506   506   506   506   506   506 
1954  -6.0  -0.6   0.3   8.6  12.0  19.1  20.1  19.1  15.4  12.7   3.7  -3.6   506   506   506   506   506   506   506   506   506   506   506   506 
1955  -6.5  -4.7   0.8   9.5  14.3  18.1  23.2  22.1  14.6  11.3   2.9  -6.3   506   506   506   506   506   506   506   506   506   506   506   506 
1956  -5.6  -2.8  -2.7   4.6  10.1  18.2  18.7  18.3  13.9  10.9   4.6   0.2   506   506   506   506   506   506   506   506   506   506   506   506 
1957  -8.3  -1.6   1.3   8.5  12.6  20.2  20.6  18.4  16.5   9.4   5.6   0.3   506   506   506   506   506   506   506   506   506   506   506   506 
1958  -6.2  -7.9   0.6   8.6  11.2  15.4  20.3  19.0  15.8   8.9   4.1  -8.2   506   506   506   506   506   506   506   506   506   506   506   506 
1959  -5.9  -6.2  -1.1   7.7  14.3  19.3  21.4  22.0  18.0  11.6   3.7  -0.4   506   506   506   506   506   506   506   506   506   506   506   506 
1960  -3.8  -2.4  -6.9   9.5  13.8  16.4  18.8  18.8  17.4   7.9   4.8  -6.3   506   506   506   506   506   506   506   506   506   506   506   506 
1961  -7.5  -2.9   0.2   5.3  11.2  17.1  20.5  19.7  20.1  11.6   4.1  -2.6   506   506   506   506   506   506   506   506   506   506   506   506 
1962  -4.9  -6.1   0.9   7.5  15.5  19.3  19.8  19.7  14.2   9.9   1.2  -4.6   506   506   506   506   506   506   506   506   506   506   506   506 
1963  -6.8  -8.5   1.0   7.2  11.8  18.6  21.2  17.4  12.6  12.6   6.4  -8.7   506   506   506   506   506   506   506   506   506   506   506   506 
1964  -3.4  -5.6   2.1   7.4  15.0  17.8  22.7  17.8  16.1   8.4   5.4  -2.1   506   506   506   506   506   506   506   506   506   506   506   506 
1965  -6.7  -5.0  -1.2   4.2  14.4  16.5  18.6  19.5  17.0   8.4   3.3  -0.8   506   506   506   506   506   506   506   506   506   506   506   506 
1966  -6.0  -4.6   1.4   5.6  10.5  17.9  20.6  19.7  14.1   8.4   4.7  -2.7   506   506   506   506   506   506   506   506   506   506   506   506 
1967  -0.8  -7.2  -1.0   7.0   9.7  20.3  20.8  19.1  15.2   9.8   1.3  -1.5   506   506   506   506   506   506   506   506   506   506   506   506 
1968  -8.2  -7.6   1.5   9.3  11.0  17.7  21.2  20.3  17.2  10.9   3.4  -4.6   506   506   506   506   506   506   506   506   506   506   506   506 
1969  -5.3  -4.1  -0.9   8.3  12.5  18.0  20.3  20.5  16.8   9.0   3.6  -4.9   506   506   506   506   506   506   506   506   506   506   506   506 
1970  -9.6  -5.3  -1.1   7.4  14.6  17.0  20.7  19.9  16.8  11.7   5.5  -3.4   506   506   506   506   506   506   506   506   506   506   506   506 
1971  -7.8  -3.4  -1.1   4.4  11.7  18.4  19.8  19.3  17.6  13.4   3.1  -0.6   506   506   506   506   506   506   506   506   506   506   506   506 
1972  -3.5  -6.1  -1.4   4.3  14.3  16.8  20.9  18.4  15.4   6.8   2.0  -0.7   506   506   506   506   506   506   506   506   506   506   506   506 
1973  -2.1  -6.2   4.7   7.9  11.1  19.5  21.1  21.1  15.9  11.5   4.9  -1.6   506   506   506   506   506   506   506   506   506   506   506   506 
1974  -2.9  -5.5   0.3   7.8  11.3  17.5  20.4  20.5  14.8   7.5   4.5  -0.7   506   506   506   506   506   506   506   506   506   506   506   506 
1975  -2.3  -2.1  -0.7   2.8  16.3  18.8  21.4  19.6  13.7  11.1   7.0  -2.2   506   506   506   506   506   506   506   506   506   506   506   506 
1976  -8.3  -0.6   2.8   7.9  11.0  19.6  18.5  18.6  14.2   7.2   0.8  -6.2   506   506   506   506   506   506   506   506   506   506   506   506 
1977  -9.6  -3.7   3.5   7.6  14.1  16.0  20.3  19.0  16.3   8.4   5.8  -2.9   506   506   506   506   506   506   506   506   506   506   506   506 
1978  -5.8  -8.3  -1.5   5.1  13.4  17.0  19.5  20.3  14.2   8.4   4.2  -1.9   506   506   506   506   506   506   506   506   506   506   506   506 
1979  -5.3 -10.2   2.7   6.4  13.6  16.7  20.6  18.8  14.9   9.9   6.3   0.0   506   506   506   506   506   506   506   506   506   506   506   506 
1980  -3.8  -6.0  -0.9   6.8  13.9  16.1  20.7  21.1  16.3   7.8   1.9  -5.6   506   506   506   506   506   506   506   506   506   506   506   506 
1981  -8.5  -0.2   0.4   8.3  13.0  17.5  20.5  19.2  14.8   7.8   3.6  -2.4   506   506   506   506   506   506   506   506   506   506   506   506 
1982  -8.8  -3.7   0.0   5.2  14.6  16.5  20.6  17.6  16.0   9.9   5.9   1.6   506   506   506   506   506   506   506   506   506   506   506   506 
1983  -4.1  -2.2   2.8   5.8  11.8  18.7  21.0  20.9  16.6  10.2   4.4  -3.8   506   506   506   506   506   506   506   506   506   506   506   506 
1984  -6.7   1.2  -3.6   7.0  11.3  18.2  19.8  20.6  14.2  12.0   3.6   1.7   506   506   506   506   506   506   506   506   506   506   506   506 
1985  -6.1  -3.6   1.6   8.8  14.5  15.4  19.4  19.0  16.4   9.7   5.9  -4.6   506   506   506   506   506   506   506   506   506   506   506   506 
1986  -4.2  -4.4   2.1   8.8  15.4  17.0  20.6  18.8  15.2   9.5   2.2  -0.8   506   506   506   506   506   506   506   506   506   506   506   506 
1987  -4.7  -5.8   2.9  10.0  14.2  19.6  22.0  18.8  16.1   7.9   4.5   0.0   506   506   506   506   506   506   506   506   506   506   506   506 
1988  -6.0  -4.0   1.0   6.8  14.4  17.6  22.9  21.4  14.8   7.8   5.5  -2.3   506   506   506   506   506   506   506   506   506   506   506   506 
1989  -1.7  -4.3   0.6   5.4  13.2  19.5  21.1  19.4  15.9  10.5   3.3 -10.0   506   506   506   506   506   506   506   506   506   506   506   506 
1990   0.4  -1.4   2.7   8.2  11.7  18.2  20.4  19.9  14.9  10.9   5.0   0.3   506   506   506   506   506   506   506   506   506   506   506   506 
1991  -5.2  -1.7   2.2   8.7  16.6  19.7  21.4  20.8  14.6  10.6   3.4  -0.8   506   506   506   506   506   506   506   506   506   506   506   506 
1992  -3.4  -2.9  -1.5   5.9  13.4  16.8  19.0  18.4  15.2   7.4   3.3  -2.0   506   506   506   506   506   506   506   506   506   506   506   506 
1993  -2.3  -8.3  -2.0   7.2  13.9  17.7  22.1  20.4  14.8   7.7   3.4  -3.8   506   506   506   506   506   506   506   506   506   506   506   506 
1994 -10.0  -7.0  -1.5   7.8  11.3  19.9  22.4  18.8  15.1   8.9   6.3   0.5   506   506   506   506   506   506   506   506   506   506   506   506 
1995  -1.5  -6.4   2.3   4.4  12.6  19.8  22.7  21.5  14.8  12.3   1.2  -5.3   506   506   506   506   506   506   506   506   506   506   506   506 
1996  -5.7  -4.7  -1.6   5.7  12.7  19.6  20.2  20.4  16.2   9.6   1.2   0.5   506   506   506   506   506   506   506   506   506   506   506   506 
1997  -6.4  -1.6  -0.5   5.0  11.0  19.8  20.7  18.9  14.7   8.7   2.1  -1.4   506   506   506   506   506   506   506   506   506   506   506   506 
1998  -0.5  -0.2   2.7   8.1  17.8  18.3  20.5  21.1  16.8  10.6   4.6   0.8   506   506   506   506   506   506   506   506   506   506   506   506 
1999  -4.7  -1.4  -0.6   7.3  15.2  20.3  23.3  20.5  17.0   9.0   6.6  -0.8   506   506   506   506   506   506   506   506   506   506   506   506 
2000  -5.7  -1.3   4.8   6.9  14.7  18.3  19.3  19.7  15.7  10.5   3.6  -5.8   506   506   506   506   506   506   506   506   506   506   506   506 
