2008   0.8   0.9   4.3  10.4  13.7  20.8  23.6  21.2  18.9  11.9   6.8   2.9   506   506   506   506   506   506   506   506   506   506   506   506 
2009  -3.7   0.9   3.8  10.3  14.7  18.1  21.0  23.0  17.7  11.4   9.8   1.4   506   506   506   506   506   506   506   506   506   506   506   506 
2010  -1.2   0.9   7.4  11.7  16.4  21.0  24.5  22.8  20.0  12.8   7.4   0.2   506   506   506   506   506   506   506   506   506   506   506   506 
2011  -2.6  -0.4   4.0   9.9  15.3  19.7  24.1  22.7  20.0  13.8   9.7   5.1   506   506   506   506   506   506   506   506   506   506   506   506 
2012   2.3   3.4   8.0  10.7  16.4  19.6  23.7  23.2  18.6  14.3   6.0   4.4   506   506   506   506   506   506   506   506   506   506   506   506 
2013   0.5   0.2   3.6   9.4  14.6  20.1  25.2  21.6  17.7  13.7   6.3   1.8   506   506   506   506   506   506   506   506   506   506   506   506 
2014  -2.6  -1.6   1.7   8.7  14.8  19.6  22.8  21.2  18.9  14.1   6.6   4.0   506   506   506   506   506   506   506   506   506   506   506   506 
2015  -2.0  -6.2   1.0   9.2  15.7  18.9  23.1  23.5  20.7  12.7   9.8   8.9   506   506   506   506   506   506   506   506   506   506   506   506 
2016   0.8   1.7   6.8   8.8  14.6  19.6  23.7  24.0  20.2  13.6   8.3   2.6   506   506   506   506   506   506   506   506   506   506   506   506 
2017   2.5   2.7   2.1  10.4 -99.0 -99.0 -99.0 -99.0 -99.0 -99.0 -99.0 -99.0   506   506   506   506   -99   -99   -99   -99   -99   -99   -99   -99 
