1940  -9.8  -6.5  -4.3   3.5  12.7  17.8  20.5  18.4  14.3   7.4   2.6  -0.9   506   506   506   506   506   506   506   506   506   506   506   506 
1941  -6.1  -6.6  -4.8   8.4  13.1  18.9  21.7  18.5  16.8  10.8   5.4  -0.7   506   506   506   506   506   506   506   506   506   506   506   506 
1942  -5.2  -8.1   0.8   8.4  14.4  18.8  20.9  19.4  15.4   9.9   3.2  -5.1   506   506   506   506   506   506   506   506   506   506   506   506 
1943  -7.1  -4.2  -1.1   2.6  12.1  20.7  20.9  19.6  14.6   8.1   1.5  -4.3   506   506   506   506   506   506   506   506   506   506   506   506 
1944  -3.0  -5.3  -2.5   3.9  16.4  18.6  21.2  21.1  15.9   8.9   3.8  -5.3   506   506   506   506   506   506   506   506   506   506   506   506 
1945 -10.5  -5.0   5.1   8.9  10.2  16.9  20.5  19.9  16.8   9.1   4.0  -5.6   506   506   506   506   506   506   506   506   506   506   506   506 
1946  -3.8  -5.1   5.0   6.0  12.0  17.6  20.4  17.7  16.6  12.5   5.5  -0.9   506   506   506   506   506   506   506   506   506   506   506   506 
1947  -2.2  -7.3  -2.5   5.3  11.7  17.8  20.3  22.7  16.4  13.9   2.0  -3.5   506   506   506   506   506   506   506   506   506   506   506   506 
1948  -8.6  -6.5  -0.3   7.8  11.1  17.7  21.2  19.9  16.3   8.5   6.9  -0.9   506   506   506   506   506   506   506   506   506   506   506   506 
1949  -1.6  -1.5   0.2   6.4  13.7  21.3  22.7  21.2  14.5  12.3   2.6  -0.9   506   506   506   506   506   506   506   506   506   506   506   506 
1950   0.3  -5.1  -3.4   3.7  13.7  17.9  19.7  19.5  14.4  11.2   3.1  -4.6   506   506   506   506   506   506   506   506   506   506   506   506 
1951  -3.7  -3.9   0.7   6.2  13.4  17.5  20.4  19.0  15.4  11.3   0.4  -1.7   506   506   506   506   506   506   506   506   506   506   506   506 
1952  -3.1  -3.2  -0.4   8.4  11.3  19.2  23.0  19.7  16.8   7.5   4.7  -0.4   506   506   506   506   506   506   506   506   506   506   506   506 
1953  -1.8  -2.2   1.4   5.9  13.2  18.8  21.1  19.6  16.5  10.4   5.5   0.5   506   506   506   506   506   506   506   506   506   506   506   506 
1954  -5.7  -0.7  -0.6   8.0  11.4  19.3  20.2  18.4  16.0  11.7   4.3  -3.0   506   506   506   506   506   506   506   506   506   506   506   506 
1955  -5.9  -4.7   0.9   9.6  14.6  18.7  23.8  22.4  15.5  11.6   2.8  -5.1   506   506   506   506   506   506   506   506   506   506   506   506 
1956  -6.4  -3.6  -3.0   5.2  10.4  18.3  19.1  19.3  13.8  10.9   4.3   0.1   506   506   506   506   506   506   506   506   506   506   506   506 
1957  -7.6  -2.3   0.3   7.9  12.5  19.9  20.0  18.2  15.6   8.8   4.5   0.5   506   506   506   506   506   506   506   506   506   506   506   506 
1958  -5.4  -8.1  -0.3   7.4  11.4  15.2  20.3  19.1  15.3   9.9   4.9  -6.5   506   506   506   506   506   506   506   506   506   506   506   506 
1959  -6.3  -5.9  -1.7   7.1  14.3  18.9  21.4  22.4  17.8  10.1   2.5  -1.0   506   506   506   506   506   506   506   506   506   506   506   506 
1960  -4.4  -4.1  -6.6   8.3  13.6  17.4  19.4  19.3  17.0   9.0   5.6  -4.8   506   506   506   506   506   506   506   506   506   506   506   506 
1961  -8.3  -4.5   0.7   4.7  11.4  17.4  20.4  20.0  19.5  11.9   4.1  -1.9   506   506   506   506   506   506   506   506   506   506   506   506 
1962  -5.5  -6.5  -0.6   6.4  15.6  17.6  19.1  19.3  14.2  10.3   1.2  -4.4   506   506   506   506   506   506   506   506   506   506   506   506 
1963  -7.9  -8.5   0.7   6.7  11.4  18.5  20.7  17.8  13.0  12.9   5.9  -6.3   506   506   506   506   506   506   506   506   506   506   506   506 
1964  -3.5  -7.0   0.0   6.6  14.7  17.9  22.0  17.9  15.1   8.2   5.6  -1.8   506   506   506   506   506   506   506   506   506   506   506   506 
1965  -6.7  -4.4  -2.4   3.8  14.6  16.5  18.7  18.9  16.8   8.4   2.9  -0.2   506   506   506   506   506   506   506   506   506   506   506   506 
1966  -7.2  -5.5   1.4   5.1  10.2  18.4  21.3  19.6  14.1   8.7   5.0  -2.3   506   506   506   506   506   506   506   506   506   506   506   506 
