1940  -9.2  -5.3  -3.7   5.0  13.1  17.3  19.9  18.4  14.3   7.5   2.6  -1.4   506   506   506   506   506   506   506   506   506   506   506   506 
1941  -6.0  -6.2  -3.8  10.0  13.1  18.8  21.2  18.1  17.0  10.8   5.2  -1.3   506   506   506   506   506   506   506   506   506   506   506   506 
1942  -5.5  -7.4   1.5   9.4  14.4  18.1  20.0  18.6  15.3  10.8   3.2  -5.5   506   506   506   506   506   506   506   506   506   506   506   506 
1947  -1.7  -6.2  -1.3   6.3  12.9  17.7  20.6  22.4  16.6  14.3   2.1  -3.1   506   506   506   506   506   506   506   506   506   506   506   506 
1948  -8.8  -6.0   0.7   8.5  11.7  17.8  21.2  20.2  16.6   9.2   7.9  -1.2   506   506   506   506   506   506   506   506   506   506   506   506 
1949  -1.2  -1.3   1.7   7.1  13.9  21.3  23.4  21.2  14.7  13.2   3.3  -0.7   506   506   506   506   506   506   506   506   506   506   506   506 
1950   0.8  -4.6  -2.9   5.2  13.2  17.7  19.8  20.1  13.8  11.6   4.8  -4.7   506   506   506   506   506   506   506   506   506   506   506   506 
1951  -2.4  -3.0   1.1   7.7  13.5  17.8  20.8  19.3  15.7  11.4   0.8  -1.6   506   506   506   506   506   506   506   506   506   506   506   506 
1954  -6.1  -0.8   0.7   8.3  12.5  19.2  20.2  19.2  15.9  12.6   3.9  -2.7   506   506   506   506   506   506   506   506   506   506   506   506 
1955  -5.8  -4.4   1.4   9.8  14.6  18.1  23.7  22.6  15.3  11.8   3.4  -5.0   506   506   506   506   506   506   506   506   506   506   506   506 
1956  -5.1  -2.9  -2.2   5.2  10.4  18.2  18.9  18.6  13.9  10.4   4.7   0.3   506   506   506   506   506   506   506   506   506   506   506   506 
1957  -7.7  -1.8   1.1   8.7  12.2  20.0  19.8  18.1  15.8   8.6   5.1   0.4   506   506   506   506   506   506   506   506   506   506   506   506 
1958  -5.5  -8.2   0.1   7.8  11.2  15.2  20.2  18.9  15.9   9.6   4.9  -7.6   506   506   506   506   506   506   506   506   506   506   506   506 
1959  -5.8  -6.4  -0.7   7.8  14.3  18.7  21.4  21.9  18.2  10.8   3.2  -0.8   506   506   506   506   506   506   506   506   506   506   506   506 
1960  -3.6  -2.6  -5.8   9.4  13.9  17.7  19.3  19.4  17.0   8.8   5.6  -6.0   506   506   506   506   506   506   506   506   506   506   506   506 
1961  -7.8  -4.2   0.3   4.9  11.6  17.6  20.3  19.8  19.5  11.3   4.1  -1.9   506   506   506   506   506   506   506   506   506   506   506   506 
1962  -4.8  -6.2   0.3   7.2  15.0  18.7  19.4  19.5  14.0  10.2   1.7  -4.3   506   506   506   506   506   506   506   506   506   506   506   506 
1963  -6.6  -8.8   1.3   7.0  11.7  18.1  20.4  17.7  12.9  12.5   6.4  -5.4   506   506   506   506   506   506   506   506   506   506   506   506 
1964  -3.4  -5.8   1.9   6.8  15.1  17.4  21.8  17.8  15.7   8.3   5.8  -2.1   506   506   506   506   506   506   506   506   506   506   506   506 
1965  -6.7  -4.7  -1.1   4.6  14.8  16.8  18.7  19.5  16.6   8.7   3.6  -0.2   506   506   506   506   506   506   506   506   506   506   506   506 
1966  -6.2  -4.8   1.8   5.6  10.5  18.2  21.1  20.2  14.1   8.6   5.4  -2.1   506   506   506   506   506   506   506   506   506   506   506   506 
1967  -1.2  -7.1  -1.2   7.0   8.9  20.3  20.3  19.2  14.6   9.8   1.8  -1.2   506   506   506   506   506   506   506   506   506   506   506   506 
1968  -8.3  -7.2   1.7   9.5  10.8  17.7  21.1  19.7  16.9  11.2   3.7  -3.7   506   506   506   506   506   506   506   506   506   506   506   506 
1969  -5.4  -4.4  -0.3   8.2  12.8  18.0  20.1  19.9  16.0   9.0   3.2  -5.3   506   506   506   506   506   506   506   506   506   506   506   506 
1970  -9.9  -5.3  -2.3   6.9  13.6  17.2  20.4  19.5  16.3  11.2   5.0  -3.1   506   506   506   506   506   506   506   506   506   506   506   506 
1971  -8.1  -4.4  -1.9   4.5  10.9  18.3  19.3  18.6  17.1  12.9   2.9  -0.2   506   506   506   506   506   506   506   506   506   506   506   506 
1972  -4.1  -7.4  -2.3   3.6  13.3  16.4  20.4  18.4  15.5   6.7   1.7  -0.5   506   506   506   506   506   506   506   506   506   506   506   506 
1973  -2.8  -7.3   4.6   7.8  10.9  19.7  20.6  20.9  15.6  10.7   4.7  -1.8   506   506   506   506   506   506   506   506   506   506   506   506 
1974  -3.7  -6.7  -0.1   7.9  11.4  17.4  19.9  19.9  14.3   7.1   3.9  -1.1   506   506   506   506   506   506   506   506   506   506   506   506 
1975  -2.8  -2.8  -1.5   2.7  15.2  18.5  21.2  19.7  13.5  11.2   6.8  -2.5   506   506   506   506   506   506   506   506   506   506   506   506 
1976  -8.9  -1.0   2.7   7.6  11.3  19.1  18.7  18.6  13.8   6.8   0.4  -6.2   506   506   506   506   506   506   506   506   506   506   506   506 
1977 -10.4  -4.7   3.3   7.6  14.1  16.1  20.5  19.2  16.2   8.2   5.8  -3.3   506   506   506   506   506   506   506   506   506   506   506   506 
1978  -6.6  -9.7  -2.3   5.1  13.1  17.1  19.8  20.1  14.3   8.0   3.9  -1.9   506   506   506   506   506   506   506   506   506   506   506   506 
1979  -5.9 -11.5   2.6   6.2  13.4  16.9  20.1  18.8  15.1   9.8   6.1  -0.1   506   506   506   506   506   506   506   506   506   506   506   506 
1980  -4.4  -6.9  -1.2   7.1  13.3  16.3  20.4  21.2  16.4   7.6   1.7  -5.4   506   506   506   506   506   506   506   506   506   506   506   506 
1981  -9.0  -0.5   0.4   8.3  12.7  17.8  19.9  18.8  14.5   7.3   3.2  -2.8   506   506   506   506   506   506   506   506   506   506   506   506 
1982  -9.3  -4.5  -0.6   5.2  14.1  16.1  20.2  17.1  15.3   8.9   5.5   1.2   506   506   506   506   506   506   506   506   506   506   506   506 
1983  -4.5  -2.9   2.3   5.3  11.0  17.7  20.5  20.3  16.0   8.9   4.0  -4.4   506   506   506   506   506   506   506   506   506   506   506   506 
1984  -7.2   0.1  -4.5   6.1  10.9  17.6  19.2  20.2  13.6  10.8   2.9   0.9   506   506   506   506   506   506   506   506   506   506   506   506 
1985  -7.0  -3.6   1.5   8.1  13.4  14.9  19.0  18.8  16.2   9.5   5.4  -4.6   506   506   506   506   506   506   506   506   506   506   506   506 
1986  -3.8  -4.6   2.2   7.9  14.8  16.6  19.9  18.2  14.7   9.1   1.8  -0.8   506   506   506   506   506   506   506   506   506   506   506   506 
1987  -5.6  -7.5   1.8   8.6  13.4  18.8  21.3  18.5  15.4   7.1   4.1  -0.5   506   506   506   506   506   506   506   506   506   506   506   506 
1988  -6.2  -5.0   0.7   6.3  13.5  16.3  21.8  20.8  14.0   7.1   4.7  -3.0   506   506   506   506   506   506   506   506   506   506   506   506 
1989  -1.9  -5.6   0.1   4.8  12.8  18.9  20.3  18.6  15.3   9.9   3.4 -10.0   506   506   506   506   506   506   506   506   506   506   506   506 
1990   0.5  -1.2   2.9   8.3  12.0  18.4  20.3  19.2  14.9  10.7   5.1   0.4   506   506   506   506   506   506   506   506   506   506   506   506 
