1940  -8.7  -4.0  -2.7   4.5  12.5  17.1  20.0  16.9  13.1   6.3   2.3  -1.9   506   506   506   506   506   506   506   506   506   506   506   506 
1941  -5.9  -4.9  -2.2  10.5  13.7  18.3  21.1  19.0  16.6  11.1   4.6  -1.3   506   506   506   506   506   506   506   506   506   506   506   506 
1942  -5.7  -5.1   2.7   9.4  14.9  18.8  20.8  18.9  15.7   9.8   3.3  -4.6   506   506   506   506   506   506   506   506   506   506   506   506 
1943  -5.1  -4.0  -0.2   4.4  14.0  20.6  20.9  19.9  15.0   9.5   2.2  -4.9   506   506   506   506   506   506   506   506   506   506   506   506 
1944  -3.6  -3.8  -1.0   5.7  16.1  18.3  21.5  20.8  16.4   8.9   3.4  -4.7   506   506   506   506   506   506   506   506   506   506   506   506 
1945  -8.7  -3.8   6.4   9.6  11.4  17.1  19.9  18.6  16.8   9.0   3.2  -6.0   506   506   506   506   506   506   506   506   506   506   506   506 
1946  -4.0  -4.5   5.4   6.8  12.3  17.4  20.2  17.3  16.9  11.8   5.4  -1.9   506   506   506   506   506   506   506   506   506   506   506   506 
1947  -2.0  -5.5  -0.9   6.7  12.9  17.0  20.0  21.2  16.1  13.2   1.8  -3.2   506   506   506   506   506   506   506   506   506   506   506   506 
1948  -8.7  -6.5   1.4   7.8  12.9  17.7  21.0  20.2  16.9   9.0   6.7  -2.5   506   506   506   506   506   506   506   506   506   506   506   506 
1949  -0.9  -0.6   2.2   8.4  13.9  20.0  22.8  21.4  15.1  11.6   2.8  -1.7   506   506   506   506   506   506   506   506   506   506   506   506 
1950  -0.3  -5.5  -1.8   5.1  12.4  17.3  19.4  18.9  13.8  10.9   4.1  -4.6   506   506   506   506   506   506   506   506   506   506   506   506 
1951  -3.1  -2.4   1.9   8.2  14.3  17.8  20.7  19.2  15.1  10.5   1.0  -2.2   506   506   506   506   506   506   506   506   506   506   506   506 
1952  -2.8  -2.2   0.5   9.2  11.5  19.1  22.1  19.3  16.0   7.4   3.7  -1.5   506   506   506   506   506   506   506   506   506   506   506   506 
1953  -2.4  -1.4   2.6   7.2  14.8  19.0  21.0  19.5  16.0  10.2   3.9   0.2   506   506   506   506   506   506   506   506   506   506   506   506 
1954  -5.9  -0.1   1.5   9.0  11.6  18.7  20.3  18.9  14.9  11.6   2.7  -2.2   506   506   506   506   506   506   506   506   506   506   506   506 
1955  -5.7  -3.4   1.0   9.9  14.9  17.3  23.6  22.2  15.2  10.9   2.3  -6.4   506   506   506   506   506   506   506   506   506   506   506   506 
1956  -3.9  -2.4  -1.9   5.6  11.8  18.8  19.2  19.4  14.0   9.8   3.3  -0.7   506   506   506   506   506   506   506   506   506   506   506   506 
1961  -9.4  -3.5   0.8   5.3  12.0  18.5  20.6  19.9  18.4  10.7   3.6  -3.6   506   506   506   506   506   506   506   506   506   506   506   506 
1962  -5.8  -5.7   0.7   7.6  14.6  19.0  19.3  18.8  13.3   9.2   1.0  -5.6   506   506   506   506   506   506   506   506   506   506   506   506 
1963  -6.6  -7.8   1.3   7.5  12.9  18.4  20.5  17.9  12.6  11.1   5.6  -6.0   506   506   506   506   506   506   506   506   506   506   506   506 
1964  -4.1  -5.2   1.9   6.9  15.0  17.6  20.8  18.2  15.2   7.5   4.2  -2.8   506   506   506   506   506   506   506   506   506   506   506   506 
1965  -6.8  -4.4   0.0   6.4  16.0  17.9  19.7  19.1  15.6   7.6   2.4  -1.4   506   506   506   506   506   506   506   506   506   506   506   506 
1966  -5.5  -3.9   1.6   5.9  11.1  19.0  21.8  20.2  13.4   8.0   4.3  -2.7   506   506   506   506   506   506   506   506   506   506   506   506 
1967  -2.5  -5.8  -1.2   7.8   9.6  19.6  20.5  18.9  14.2   8.8   0.5  -2.1   506   506   506   506   506   506   506   506   506   506   506   506 
1968  -7.9  -6.3   2.5   9.7  11.5  17.8  21.6  19.9  15.6  10.1   2.8  -4.4   506   506   506   506   506   506   506   506   506   506   506   506 
1969  -5.4  -4.0  -0.5   9.5  14.1  18.9  20.0  20.1  15.1   8.5   2.7  -4.8   506   506   506   506   506   506   506   506   506   506   506   506 
1970  -9.4  -4.4  -0.6   7.6  14.9  18.0  21.2  20.0  16.0  10.2   4.2  -3.7   506   506   506   506   506   506   506   506   506   506   506   506 
1971  -8.0  -4.0  -0.4   6.5  12.2  19.2  20.1  19.1  17.0  12.0   2.3  -0.6   506   506   506   506   506   506   506   506   506   506   506   506 
1972  -3.6  -5.4   0.1   5.6  14.3  16.7  21.1  19.2  15.8   6.8   1.4  -1.0   506   506   506   506   506   506   506   506   506   506   506   506 
1973  -2.7  -4.6   5.0   8.6  11.7  19.9  21.1  21.0  14.9   9.8   4.1  -1.6   506   506   506   506   506   506   506   506   506   506   506   506 
1974  -3.8  -4.4   1.4   9.5  12.5  17.3  20.2  19.5  14.2   6.4   3.8  -1.2   506   506   506   506   506   506   506   506   506   506   506   506 
1975  -2.5  -2.7   0.3   5.2  16.0  18.6  21.3  19.7  13.3  10.7   6.3  -2.7   506   506   506   506   506   506   506   506   506   506   506   506 
1976  -7.9  -0.3   3.1   9.1  12.4  19.5  19.0  18.7  14.4   6.9   0.1  -5.9   506   506   506   506   506   506   506   506   506   506   506   506 
1977  -9.7  -3.8   3.8   8.2  14.8  17.4  21.0  19.7  15.5   8.0   4.8  -4.1   506   506   506   506   506   506   506   506   506   506   506   506 
1978  -7.0  -8.2  -0.8   6.9  13.3  18.1  20.2  21.2  14.6   8.3   3.2  -2.4   506   506   506   506   506   506   506   506   506   506   506   506 
1979  -5.2  -9.1   3.4   7.6  13.9  17.4  20.3  19.7  15.3   8.6   5.6  -0.6   506   506   506   506   506   506   506   506   506   506   506   506 
1980  -4.0  -6.1   0.8   8.8  14.8  17.1  21.6  21.5  16.6   7.7   0.8  -5.2   506   506   506   506   506   506   506   506   506   506   506   506 
1981  -8.6  -0.2   1.1   9.4  13.8  18.5  21.4  19.5  15.1   6.9   3.7  -3.5   506   506   506   506   506   506   506   506   506   506   506   506 
1982  -9.4  -3.8   0.7   6.5  14.3  16.9  20.7  18.0  15.4   9.3   4.9   0.9   506   506   506   506   506   506   506   506   506   506   506   506 
1983  -4.1  -2.7   2.8   7.7  12.4  18.9  21.4  20.8  16.1   9.0   3.7  -3.5   506   506   506   506   506   506   506   506   506   506   506   506 
1984  -6.7  -0.2  -1.6   7.5  12.4  19.2  19.8  20.1  13.7  11.4   3.3   1.1   506   506   506   506   506   506   506   506   506   506   506   506 
1985  -7.1  -2.8   3.0   9.6  14.8  16.6  20.3  19.4  16.5   9.7   4.8  -4.4   506   506   506   506   506   506   506   506   506   506   506   506 
1986  -4.3  -5.1   2.3   8.7  15.1  17.3  20.4  18.7  15.3   9.7   1.7  -1.3   506   506   506   506   506   506   506   506   506   506   506   506 
1987  -5.4  -4.8   3.0   8.7  14.5  19.3  21.8  18.8  15.1   7.0   4.1  -1.2   506   506   506   506   506   506   506   506   506   506   506   506 
1988  -6.6  -4.3   2.4   7.2  14.0  17.7  22.5  21.5  14.7   6.5   4.1  -2.6   506   506   506   506   506   506   506   506   506   506   506   506 
1989  -2.0  -3.6   1.9   7.0  13.8  19.1  21.0  19.8  15.5  10.1   3.2  -9.2   506   506   506   506   506   506   506   506   506   506   506   506 
1990  -0.1  -0.5   3.7   8.6  12.6  18.6  21.0  19.8  15.1  11.7   4.7   0.3   506   506   506   506   506   506   506   506   506   506   506   506 
1991  -4.0  -1.1   3.7   9.9  17.0  19.7  21.6  21.3  15.4  10.2   4.1  -0.5   506   506   506   506   506   506   506   506   506   506   506   506 
1992  -3.1  -2.2   0.1   6.8  13.5  17.5  20.1  18.5  15.4   7.9   2.6  -2.5   506   506   506   506   506   506   506   506   506   506   506   506 
1993  -2.3  -6.4  -0.8   8.3  14.4  18.4  22.0  20.8  15.3   8.3   3.0  -2.9   506   506   506   506   506   506   506   506   506   506   506   506 
1994  -9.4  -6.6   0.3   9.6  13.2  19.9  22.4  19.1  14.7   8.9   5.7   0.1   506   506   506   506   506   506   506   506   506   506   506   506 
1995  -1.6  -5.3   3.7   7.1  12.7  19.5  22.4  21.0  15.3  11.4   1.1  -4.6   506   506   506   506   506   506   506   506   506   506   506   506 
1996  -6.0  -3.2  -0.4   7.7  12.7  18.6  19.8  20.3  16.2   9.5   1.2   0.3   506   506   506   506   506   506   506   506   506   506   506   506 
1997  -4.7  -0.1   1.4   7.1  11.8  18.4  20.9  19.0  15.4   9.2   1.6  -1.4   506   506   506   506   506   506   506   506   506   506   506   506 
1998  -0.5   0.6   3.5   9.1  16.1  18.0  20.8  21.1  17.3  10.0   4.0   1.0   506   506   506   506   506   506   506   506   506   506   506   506 
1999  -4.3  -1.3   1.6   8.1  14.2  19.7  23.3  20.2  17.3   8.8   6.1  -0.5   506   506   506   506   506   506   506   506   506   506   506   506 
2000  -4.5  -2.6   5.0   8.6  14.3  18.7  19.0  19.0  15.1   9.4   2.4  -5.2   506   506   506   506   506   506   506   506   506   506   506   506 
2001  -4.6  -2.7  -0.2   8.8  14.3  19.3  19.3  22.1  15.5  10.3   6.2   0.5   506   506   506   506   506   506   506   506   506   506   506   506 
2006  -0.1  -3.1   2.3   8.7  14.2  19.4  23.4  20.8  14.7   9.1   6.6   2.4   506   506   506   506   506   506   506   506   506   506   506   506 
2007  -1.6  -6.8   0.4   6.7  15.6  19.9  21.2  20.7  17.3  13.5   3.0  -1.8   506   506   506   506   506   506   506   506   506   506   506   506 
2008  -3.0  -3.5   1.7   9.6  11.9  20.6  22.6  19.5  16.8   8.4   3.2  -1.3   506   506   506   506   506   506   506   506   506   506   506   506 
2009  -8.3  -2.6   2.0   9.3  14.1  18.7  19.8  21.3  15.3   8.7   6.0  -2.5   506   506   506   506   506   506   506   506   506   506   506   506 
2010  -4.1  -3.5   5.0  10.4  15.7  20.0  22.9  21.3  17.4  10.2   3.9  -3.5   506   506   506   506   506   506   506   506   506   506   506   506 
