1910  -5.9  -4.5  12.1  13.2  14.1  21.7  25.5  23.2  18.9  14.4   4.0  -3.1   506   506   506   506   506   506   506   506   506   506   506   506 
1911  -3.2  -0.3   6.1   9.9  18.7  25.3  26.0  23.3  21.4  10.6   0.2  -2.3   506   506   506   506   506   506   506   506   506   506   506   506 
1912 -11.6  -4.5  -3.6  11.5  18.3  19.9  26.3  24.1  17.7  12.0   5.8  -1.0   506   506   506   506   506   506   506   506   506   506   506   506 
1913  -5.0  -5.1   1.8  11.5  17.5  22.7  27.2  27.7  19.5  10.2   7.6  -0.2   506   506   506   506   506   506   506   506   506   506   506   506 
1914  -0.6  -5.1   2.7  11.2  17.8  24.5  26.0  25.2  20.3  13.9   6.6  -8.1   506   506   506   506   506   506   506   506   506   506   506   506 
1915  -6.7  -0.4  -1.0  14.8  15.1  20.2  22.3  20.4  19.5  14.1   6.3  -2.0   506   506   506   506   506   506   506   506   506   506   506   506 
1916  -7.6  -4.4   5.4   9.8  16.4  20.2  26.6  24.1  18.7  11.9   4.0  -6.2   506   506   506   506   506   506   506   506   506   506   506   506 
1917  -4.2  -4.9   4.0   9.5  13.9  20.7  25.4  21.9  19.6   7.9   6.9  -8.3   506   506   506   506   506   506   506   506   506   506   506   506 
1918 -10.6  -2.4   7.9   8.3  20.5  24.6  25.2  27.1  17.5  14.6   5.1   1.6   506   506   506   506   506   506   506   506   506   506   506   506 
1919  -0.9  -1.3   5.3  10.3  16.7  22.9  27.5  24.1  22.2  10.6   2.4  -7.4   506   506   506   506   506   506   506   506   506   506   506   506 
1920  -4.2  -0.6   5.8   7.4  16.7  23.0  24.8  22.0  20.5  15.4   2.8  -1.5   506   506   506   506   506   506   506   506   506   506   506   506 
1921  -0.8   2.8   8.5  12.4  19.0  24.9  26.4  24.8  22.0  14.2   3.6   0.2   506   506   506   506   506   506   506   506   506   506   506   506 
1922  -4.6  -2.7   5.2  11.8  18.3  24.4  23.6  25.8  22.0  14.5   6.5  -2.9   506   506   506   506   506   506   506   506   506   506   506   506 
1923  -0.5  -3.3   1.5  10.8  16.2  22.8  26.2  23.5  19.3  10.2   4.8   0.8   506   506   506   506   506   506   506   506   506   506   506   506 
1924  -9.2  -0.7   1.4  12.1  14.1  21.1  22.9  25.3  17.1  15.4   5.0  -8.3   506   506   506   506   506   506   506   506   506   506   506   506 
1925  -6.4   0.4   6.3  15.0  16.1  23.3  25.5  23.6  21.5   6.1   3.4  -2.9   506   506   506   506   506   506   506   506   506   506   506   506 
1926  -2.9   2.3   3.1   9.8  19.6  21.2  25.9  24.7  18.7  12.2   1.1  -3.5   506   506   506   506   506   506   506   506   506   506   506   506 
1927  -3.0   0.9   5.0  11.3  16.8  21.1  24.4  20.5  20.6  13.6   4.3  -5.8   506   506   506   506   506   506   506   506   506   506   506   506 
1928  -1.8   0.5   6.1   8.7  18.0  19.1  24.6  24.2  17.1  13.2   4.5  -0.4   506   506   506   506   506   506   506   506   506   506   506   506 
1929  -9.2  -7.4   5.5  12.1  15.2  20.7  24.7  23.8  16.8  11.3  -0.2  -2.8   506   506   506   506   506   506   506   506   506   506   506   506 
1930 -10.5   5.1   4.9  12.6  16.1  21.0  27.6  24.2  19.7  11.4   6.2  -0.8   506   506   506   506   506   506   506   506   506   506   506   506 
1931  -0.1   3.0   2.1  10.8  15.0  25.0  25.8  23.3  23.9  15.0   6.4   2.3   506   506   506   506   506   506   506   506   506   506   506   506 
1932  -6.3  -0.1   0.3  12.4  18.1  22.5  26.0  24.1  18.2  11.1   2.2  -5.1   506   506   506   506   506   506   506   506   506   506   506   506 
1933   2.0  -2.9   4.2  10.9  16.3  26.5  26.1  23.1  23.0  11.4   6.2   0.4   506   506   506   506   506   506   506   506   506   506   506   506 
1934  -0.9  -1.3   3.4  12.6  21.6  26.4  30.5  26.5  17.0  15.2   6.1  -3.4   506   506   506   506   506   506   506   506   506   506   506   506 
1935  -3.0   0.7   7.3   9.0  13.1  19.9  28.5  25.3  19.3  10.8   2.1  -2.0   506   506   506   506   506   506   506   506   506   506   506   506 
1936 -11.1 -13.0   6.7   9.7  19.3  23.6  30.5  28.7  21.9  11.7   3.8  -0.5   506   506   506   506   506   506   506   506   506   506   506   506 
1937 -10.0  -4.4   2.1  10.1  17.5  22.7  26.5  27.6  21.2  11.6   2.8  -3.1   506   506   506   506   506   506   506   506   506   506   506   506 
1938  -2.9  -0.7   7.8  11.4  15.9  22.1  27.0  25.6  21.3  17.1   3.7  -1.0   506   506   506   506   506   506   506   506   506   506   506   506 
1939   0.8  -4.8   4.5  10.8  20.1  22.9  27.3  23.4  23.3  13.8   5.1   1.2   506   506   506   506   506   506   506   506   506   506   506   506 
1940 -13.9  -3.8   3.4  10.0  15.9  23.1  27.4  22.6  20.6  16.8   1.9  -1.4   506   506   506   506   506   506   506   506   506   506   506   506 
1941  -3.0  -2.7   2.5  12.4  19.5  22.0  26.0  25.6  20.5  13.0   5.0   0.9   506   506   506   506   506   506   506   506   506   506   506   506 
1942  -3.8  -3.6   4.4  13.7  15.8  22.2  26.0  24.3  17.7  13.2   6.0  -3.8   506   506   506   506   506   506   506   506   506   506   506   506 
1943  -5.9   1.6   1.7  12.2  15.3  23.0  25.4  26.4  17.9  12.3   2.4  -2.3   506   506   506   506   506   506   506   506   506   506   506   506 
1944   0.5  -1.4   0.0   7.5  19.3  23.0  24.6  23.3  19.2  13.7   5.0  -4.6   506   506   506   506   506   506   506   506   506   506   506   506 
1945  -3.4  -1.3   8.5   9.6  14.3  18.8  24.0  23.9  18.4  11.7   4.9  -6.6   506   506   506   506   506   506   506   506   506   506   506   506 
1946  -3.0   2.7  10.3  13.6  15.3  23.0  24.7  22.8  18.9  13.4   4.2   0.2   506   506   506   506   506   506   506   506   506   506   506   506 
1947  -2.3  -5.4   1.3   9.6  14.7  21.1  24.2  29.0  22.4  18.7   2.4  -0.6   506   506   506   506   506   506   506   506   506   506   506   506 
1948  -3.6  -3.2   0.7  13.6  17.1  21.6  24.7  24.7  20.8  11.1   4.3  -2.2   506   506   506   506   506   506   506   506   506   506   506   506 
1949  -8.1  -5.4   3.4  11.3  18.3  23.3  25.2  23.2  16.0  14.0   7.6  -1.1   506   506   506   506   506   506   506   506   506   506   506   506 
1950  -5.8  -1.6   2.2   8.9  16.7  21.8  22.0  21.2  17.7  14.8   2.4  -3.3   506   506   506   506   506   506   506   506   506   506   506   506 
1951  -4.9  -0.9   0.4   8.4  16.9  19.4  23.4  23.5  16.4  11.6   1.4  -5.2   506   506   506   506   506   506   506   506   506   506   506   506 
1952  -4.0   1.4   1.0   9.6  17.5  25.9  25.2  22.6  20.2  10.3   3.6  -3.4   506   506   506   506   506   506   506   506   506   506   506   506 
1953  -3.8   1.5   5.4   8.2  15.6  25.6  26.1  24.2  20.3  14.8   6.5   0.4   506   506   506   506   506   506   506   506   506   506   506   506 
1954  -5.8   5.8   2.6  13.2  14.1  24.4  27.5  23.9  20.8  12.6   7.2  -0.2   506   506   506   506   506   506   506   506   506   506   506   506 
1955  -4.1  -5.4   3.2  14.6  18.9  20.4  27.7  27.0  20.4  12.4   0.1  -4.7   506   506   506   506   506   506   506   506   506   506   506   506 
1956  -5.9  -3.7   4.2   9.5  18.8  24.7  25.6  25.5  19.8  15.9   3.9   0.2   506   506   506   506   506   506   506   506   506   506   506   506 
1957  -7.8  -0.1   3.6  10.2  16.1  21.2  27.2  25.1  17.4  11.2   2.9   1.7   506   506   506   506   506   506   506   506   506   506   506   506 
1958  -3.4  -6.1   2.3  10.7  18.0  21.2  22.9  24.2  20.0  13.3   5.8  -3.0   506   506   506   506   506   506   506   506   506   506   506   506 
1959  -6.9  -4.2   4.7  10.6  17.6  23.3  23.3  26.7  18.5  10.2   0.4   2.0   506   506   506   506   506   506   506   506   506   506   506   506 
1960  -6.0  -6.0  -4.6  12.0  16.8  21.6  23.7  24.3  20.3  13.5   4.5  -2.2   506   506   506   506   506   506   506   506   506   506   506   506 
1961  -4.1   0.0   4.8   9.0  15.3  21.4  25.0  23.8  17.0  12.9   3.8  -6.1   506   506   506   506   506   506   506   506   506   506   506   506 
1962  -8.0  -2.4   0.6  10.6  21.4  21.6  23.9  23.6  17.0  13.9   5.1  -1.5   506   506   506   506   506   506   506   506   506   506   506   506 
1963 -10.0  -1.8   6.4  12.7  17.2  24.6  25.9  23.6  19.9  18.6   6.2  -7.1   506   506   506   506   506   506   506   506   506   506   506   506 
1964  -1.7  -1.0   1.5  11.9  19.5  21.6  26.6  22.2  18.1  11.8   6.3  -3.8   506   506   506   506   506   506   506   506   506   506   506   506 
1965  -4.8  -6.1  -2.4  11.7  19.7  22.0  24.1  23.3  16.2  13.6   5.6   2.1   506   506   506   506   506   506   506   506   506   506   506   506 
1966  -7.2  -2.9   5.8   9.0  16.1  22.1  26.9  21.8  17.1  11.7   4.1  -3.0   506   506   506   506   506   506   506   506   506   506   506   506 
1967  -4.1  -1.9   6.9  11.5  15.1  21.1  22.9  22.1  16.9  11.5   3.5  -1.6   506   506   506   506   506   506   506   506   506   506   506   506 
1968  -5.0  -1.3   6.9  11.8  14.8  23.2  24.6  24.0  18.5  13.6   3.0  -4.3   506   506   506   506   506   506   506   506   506   506   506   506 
1969  -7.1  -2.9  -0.2  11.3  17.7  20.7  25.4  23.8  19.9  10.3   3.9  -4.4   506   506   506   506   506   506   506   506   506   506   506   506 
1970  -8.8   0.9   1.9  11.4  19.8  23.1  25.6  24.8  19.1  10.5   3.4  -1.2   506   506   506   506   506   506   506   506   506   506   506   506 
1971  -7.1  -4.5   2.7  12.3  15.7  25.4  23.2  23.5  20.0  14.6   4.9  -1.2   506   506   506   506   506   506   506   506   506   506   506   506 
1972  -5.8  -1.9   6.5  10.7  16.9  23.0  24.4  23.5  19.6  10.6   2.5  -5.9   506   506   506   506   506   506   506   506   506   506   506   506 
1973  -4.9  -1.3   6.5  10.1  16.2  23.6  24.5  25.1  18.2  14.3   5.1  -4.7   506   506   506   506   506   506   506   506   506   506   506   506 
1974  -6.7   0.6   6.8  12.5  16.9  21.4  27.9  21.8  16.0  12.8   5.0  -1.3   506   506   506   506   506   506   506   506   506   506   506   506 
1975  -4.2  -5.0   0.2   9.5  18.2  22.1  25.3  25.9  17.0  13.5   5.7  -0.3   506   506   506   506   506   506   506   506   506   506   506   506 
1976  -3.6   3.1   4.7  13.4  15.4  22.5  25.3  23.9  18.7   9.1   1.0  -3.9   506   506   506   506   506   506   506   506   506   506   506   506 
1977 -10.0   0.1   7.7  14.7  20.8  23.9  26.9  22.4  19.6  11.4   4.3  -3.6   506   506   506   506   506   506   506   506   506   506   506   506 
1978 -10.9  -9.4   1.0  11.8  16.5  22.5  24.5  24.0  20.9  11.1   3.6  -4.3   506   506   506   506   506   506   506   506   506   506   506   506 
1979 -12.4  -9.7   3.7   9.6  16.2  22.1  23.9  23.4  19.4  12.5   3.3   0.3   506   506   506   506   506   506   506   506   506   506   506   506 
1980  -3.6  -5.6   1.9  11.5  17.9  23.8  27.6  25.2  19.1  10.7   5.5  -1.5   506   506   506   506   506   506   506   506   506   506   506   506 
1981  -1.7  -0.3   6.0  15.3  15.7  23.6  25.3  22.1  18.7  11.2   6.3  -3.0   506   506   506   506   506   506   506   506   506   506   506   506 
1982 -10.7  -4.3   3.0   9.6  17.8  19.8  25.7  23.1  18.2  12.7   3.5   0.2   506   506   506   506   506   506   506   506   506   506   506   506 
1983  -2.0   0.0   4.2   7.7  14.7  21.5  26.4  27.8  20.3  12.3   4.4 -12.5   506   506   506   506   506   506   506   506   506   506   506   506 
1984  -5.4   2.2   0.6   9.4  14.9  22.9  24.6  25.3  17.8  12.0   4.5  -1.0   506   506   506   506   506   506   506   506   506   506   506   506 
1985  -7.9  -5.1   6.7  13.1  18.2  20.9  24.7  21.1  18.1  11.8  -0.2  -7.0   506   506   506   506   506   506   506   506   506   506   506   506 
1986  -0.3  -2.9   7.6  12.2  17.6  24.5  25.6  21.3  20.2  12.1   2.1  -0.9   506   506   506   506   506   506   506   506   506   506   506   506 
1987  -1.5   3.5   6.1  12.8  19.4  24.2  25.8  22.7  18.4   9.4   6.9   0.1   506   506   506   506   506   506   506   506   506   506   506   506 
1988  -5.3  -3.7   5.3  10.6  19.8  25.1  24.5  25.7  19.8  10.2   5.6  -0.4   506   506   506   506   506   506   506   506   506   506   506   506 
1989   1.1  -9.0   4.1  13.0  16.2  20.8  25.5  23.6  17.6  12.7   3.1  -7.7   506   506   506   506   506   506   506   506   506   506   506   506 
1990   1.0  -0.1   5.8  10.0  14.5  23.2  24.3  24.2  21.2  12.4   6.9  -4.9   506   506   506   506   506   506   506   506   506   506   506   506 
1991  -9.0   2.1   6.7  12.6  19.0  24.5  24.8  23.8  19.3  11.9  -0.4   0.4   506   506   506   506   506   506   506   506   506   506   506   506 
1992   0.4   3.1   7.2  10.0  16.6  20.0  22.2  20.7  18.1  12.0   1.9  -2.1   506   506   506   506   506   506   506   506   506   506   506   506 
1993  -7.1  -5.0   3.0   8.6  16.0  20.9  24.0  24.5  15.7  11.3   1.8  -0.6   506   506   506   506   506   506   506   506   506   506   506   506 
1994  -5.6  -4.7   5.8  10.9  17.1  23.3  22.7  22.9  19.0  13.4   5.7  -0.7   506   506   506   506   506   506   506   506   506   506   506   506 
1995  -5.2   0.6   4.9   9.1  13.6  21.8  25.5  26.4  17.8  12.5   1.6  -1.5   506   506   506   506   506   506   506   506   506   506   506   506 
1996  -6.7  -1.3   0.9   9.7  15.7  22.8  23.1  22.6  17.1  12.7   0.9  -3.9   506   506   506   506   506   506   506   506   506   506   506   506 
1997  -5.7  -0.4   6.0   7.9  13.5  22.6  25.1  23.1  19.9  12.6   2.7  -1.2   506   506   506   506   506   506   506   506   506   506   506   506 
1998  -2.9   3.4   0.6  10.6  19.0  21.3  25.3  24.5  22.3  13.8   6.2  -0.1   506   506   506   506   506   506   506   506   506   506   506   506 
1999  -5.0   2.7   4.2  11.1  16.4  21.4  26.5  23.1  17.8  11.6   8.0  -0.4   506   506   506   506   506   506   506   506   506   506   506   506 
2000  -1.8   2.1   7.2  11.0  18.9  21.7  24.5  25.9  20.1  14.3   1.0  -9.0   506   506   506   506   506   506   506   506   506   506   506   506 
2001  -3.5  -4.8   2.5  13.4  17.9  20.6  24.8  24.8  18.8  12.2  10.1   0.8   506   506   506   506   506   506   506   506   506   506   506   506 
2002  -0.9  -0.1   1.3  12.0  16.2  24.9  27.2  25.1  20.1   9.8   3.3   0.4   506   506   506   506   506   506   506   506   506   506   506   506 
2003  -4.3  -3.2   4.9  12.3  15.2  20.5  25.5  25.7  16.8  13.7   3.3   0.0   506   506   506   506   506   506   506   506   506   506   506   506 
2004  -5.4  -3.5   7.4  12.5  17.5  20.2  22.6  21.3  21.1  13.3   6.2  -1.0   506   506   506   506   506   506   506   506   506   506   506   506 
2005  -5.4   1.7   5.1  12.8  16.4  24.2  25.6  24.1  21.4  13.0   6.1  -4.3   506   506   506   506   506   506   506   506   506   506   506   506 
2006   2.5  -1.1   4.8  13.8  17.4  23.2  25.6  24.3  16.7  10.9   5.0   0.8   506   506   506   506   506   506   506   506   506   506   506   506 
2007  -4.5  -5.1   8.9  10.1  19.0  22.3  25.3  26.5  19.2  14.4   4.4  -4.8   506   506   506   506   506   506   506   506   506   506   506   506 
2008  -6.0  -4.2   3.8   8.4  15.6  22.3  24.7  23.2  18.6  12.1   4.9  -4.8   506   506   506   506   506   506   506   506   506   506   506   506 
2009  -5.3   0.7   4.4   9.6  17.1  22.4  21.7  22.0  17.7   8.4   7.1  -6.3   506   506   506   506   506   506   506   506   506   506   506   506 
2010  -8.0  -5.6   4.6  14.1  15.8  23.3  25.1  25.5  19.1  13.6   4.8  -3.5   506   506   506   506   506   506   506   506   506   506   506   506 